20 4 1 ER 0.1 2000
20 5 1 ER 0.1 2000
20 6 1 ER 0.1 2000
20 7 1 ER 0.1 2000
20 8 1 ER 0.1 2000
20 9 1 ER 0.1 2000
20 10 1 ER 0.1 2000
20 11 1 ER 0.1 2000
20 12 1 ER 0.1 2000
20 13 1 ER 0.1 2000
20 14 1 ER 0.1 2000
20 15 1 ER 0.1 2000
20 16 1 ER 0.1 2000
20 17 1 ER 0.1 2000
20 18 1 ER 0.1 2000
20 19 1 ER 0.1 2000
20 20 1 ER 0.1 2000
50 4 1 ER 0.1 2000
50 5 1 ER 0.1 2000
50 6 1 ER 0.1 2000
50 7 1 ER 0.1 2000
50 8 1 ER 0.1 2000
50 9 1 ER 0.1 2000
50 10 1 ER 0.1 2000
50 11 1 ER 0.1 2000
50 12 1 ER 0.1 2000
50 13 1 ER 0.1 2000
50 14 1 ER 0.1 2000
50 15 1 ER 0.1 2000
50 16 1 ER 0.1 2000
50 17 1 ER 0.1 2000
50 18 1 ER 0.1 2000
50 19 1 ER 0.1 2000
50 20 1 ER 0.1 2000
100 4 1 ER 0.1 2000
100 5 1 ER 0.1 2000
100 6 1 ER 0.1 2000
100 7 1 ER 0.1 2000
100 8 1 ER 0.1 2000
100 9 1 ER 0.1 2000
100 10 1 ER 0.1 2000
100 11 1 ER 0.1 2000
100 12 1 ER 0.1 2000
100 13 1 ER 0.1 2000
100 14 1 ER 0.1 2000
100 15 1 ER 0.1 2000
100 16 1 ER 0.1 2000
100 17 1 ER 0.1 2000
100 18 1 ER 0.1 2000
100 19 1 ER 0.1 2000
100 20 1 ER 0.1 2000
200 4 1 ER 0.1 2000
200 5 1 ER 0.1 2000
200 6 1 ER 0.1 2000
200 7 1 ER 0.1 2000
200 8 1 ER 0.1 2000
200 9 1 ER 0.1 2000
200 10 1 ER 0.1 2000
200 11 1 ER 0.1 2000
200 12 1 ER 0.1 2000
200 13 1 ER 0.1 2000
200 14 1 ER 0.1 2000
200 15 1 ER 0.1 2000
200 16 1 ER 0.1 2000
200 17 1 ER 0.1 2000
200 18 1 ER 0.1 2000
200 19 1 ER 0.1 2000
200 20 1 ER 0.1 2000
20 4 2 ER 0.1 2000
20 5 2 ER 0.1 2000
20 6 2 ER 0.1 2000
20 7 2 ER 0.1 2000
20 8 2 ER 0.1 2000
20 9 2 ER 0.1 2000
20 10 2 ER 0.1 2000
20 11 2 ER 0.1 2000
20 12 2 ER 0.1 2000
20 13 2 ER 0.1 2000
20 14 2 ER 0.1 2000
20 15 2 ER 0.1 2000
20 16 2 ER 0.1 2000
20 17 2 ER 0.1 2000
20 18 2 ER 0.1 2000
20 19 2 ER 0.1 2000
20 20 2 ER 0.1 2000
50 4 2 ER 0.1 2000
50 5 2 ER 0.1 2000
50 6 2 ER 0.1 2000
50 7 2 ER 0.1 2000
50 8 2 ER 0.1 2000
50 9 2 ER 0.1 2000
50 10 2 ER 0.1 2000
50 11 2 ER 0.1 2000
50 12 2 ER 0.1 2000
50 13 2 ER 0.1 2000
50 14 2 ER 0.1 2000
50 15 2 ER 0.1 2000
50 16 2 ER 0.1 2000
50 17 2 ER 0.1 2000
50 18 2 ER 0.1 2000
50 19 2 ER 0.1 2000
50 20 2 ER 0.1 2000
100 4 2 ER 0.1 2000
100 5 2 ER 0.1 2000
100 6 2 ER 0.1 2000
100 7 2 ER 0.1 2000
100 8 2 ER 0.1 2000
100 9 2 ER 0.1 2000
100 10 2 ER 0.1 2000
100 11 2 ER 0.1 2000
100 12 2 ER 0.1 2000
100 13 2 ER 0.1 2000
100 14 2 ER 0.1 2000
100 15 2 ER 0.1 2000
100 16 2 ER 0.1 2000
100 17 2 ER 0.1 2000
100 18 2 ER 0.1 2000
100 19 2 ER 0.1 2000
100 20 2 ER 0.1 2000
200 4 2 ER 0.1 2000
200 5 2 ER 0.1 2000
200 6 2 ER 0.1 2000
200 7 2 ER 0.1 2000
200 8 2 ER 0.1 2000
200 9 2 ER 0.1 2000
200 10 2 ER 0.1 2000
200 11 2 ER 0.1 2000
200 12 2 ER 0.1 2000
200 13 2 ER 0.1 2000
200 14 2 ER 0.1 2000
200 15 2 ER 0.1 2000
200 16 2 ER 0.1 2000
200 17 2 ER 0.1 2000
200 18 2 ER 0.1 2000
200 19 2 ER 0.1 2000
200 20 2 ER 0.1 2000
20 4 3 ER 0.1 2000
20 5 3 ER 0.1 2000
20 6 3 ER 0.1 2000
20 7 3 ER 0.1 2000
20 8 3 ER 0.1 2000
20 9 3 ER 0.1 2000
20 10 3 ER 0.1 2000
20 11 3 ER 0.1 2000
20 12 3 ER 0.1 2000
20 13 3 ER 0.1 2000
20 14 3 ER 0.1 2000
20 15 3 ER 0.1 2000
20 16 3 ER 0.1 2000
20 17 3 ER 0.1 2000
20 18 3 ER 0.1 2000
20 19 3 ER 0.1 2000
20 20 3 ER 0.1 2000
50 4 3 ER 0.1 2000
50 5 3 ER 0.1 2000
50 6 3 ER 0.1 2000
50 7 3 ER 0.1 2000
50 8 3 ER 0.1 2000
50 9 3 ER 0.1 2000
50 10 3 ER 0.1 2000
50 11 3 ER 0.1 2000
50 12 3 ER 0.1 2000
50 13 3 ER 0.1 2000
50 14 3 ER 0.1 2000
50 15 3 ER 0.1 2000
50 16 3 ER 0.1 2000
50 17 3 ER 0.1 2000
50 18 3 ER 0.1 2000
50 19 3 ER 0.1 2000
50 20 3 ER 0.1 2000
100 4 3 ER 0.1 2000
100 5 3 ER 0.1 2000
100 6 3 ER 0.1 2000
100 7 3 ER 0.1 2000
100 8 3 ER 0.1 2000
100 9 3 ER 0.1 2000
100 10 3 ER 0.1 2000
100 11 3 ER 0.1 2000
100 12 3 ER 0.1 2000
100 13 3 ER 0.1 2000
100 14 3 ER 0.1 2000
100 15 3 ER 0.1 2000
100 16 3 ER 0.1 2000
100 17 3 ER 0.1 2000
100 18 3 ER 0.1 2000
100 19 3 ER 0.1 2000
100 20 3 ER 0.1 2000
200 4 3 ER 0.1 2000
200 5 3 ER 0.1 2000
200 6 3 ER 0.1 2000
200 7 3 ER 0.1 2000
200 8 3 ER 0.1 2000
200 9 3 ER 0.1 2000
200 10 3 ER 0.1 2000
200 11 3 ER 0.1 2000
200 12 3 ER 0.1 2000
200 13 3 ER 0.1 2000
200 14 3 ER 0.1 2000
200 15 3 ER 0.1 2000
200 16 3 ER 0.1 2000
200 17 3 ER 0.1 2000
200 18 3 ER 0.1 2000
200 19 3 ER 0.1 2000
200 20 3 ER 0.1 2000
20 4 4 ER 0.1 2000
20 5 4 ER 0.1 2000
20 6 4 ER 0.1 2000
20 7 4 ER 0.1 2000
20 8 4 ER 0.1 2000
20 9 4 ER 0.1 2000
20 10 4 ER 0.1 2000
20 11 4 ER 0.1 2000
20 12 4 ER 0.1 2000
20 13 4 ER 0.1 2000
20 14 4 ER 0.1 2000
20 15 4 ER 0.1 2000
20 16 4 ER 0.1 2000
20 17 4 ER 0.1 2000
20 18 4 ER 0.1 2000
20 19 4 ER 0.1 2000
20 20 4 ER 0.1 2000
50 4 4 ER 0.1 2000
50 5 4 ER 0.1 2000
50 6 4 ER 0.1 2000
50 7 4 ER 0.1 2000
50 8 4 ER 0.1 2000
50 9 4 ER 0.1 2000
50 10 4 ER 0.1 2000
50 11 4 ER 0.1 2000
50 12 4 ER 0.1 2000
50 13 4 ER 0.1 2000
50 14 4 ER 0.1 2000
50 15 4 ER 0.1 2000
50 16 4 ER 0.1 2000
50 17 4 ER 0.1 2000
50 18 4 ER 0.1 2000
50 19 4 ER 0.1 2000
50 20 4 ER 0.1 2000
100 4 4 ER 0.1 2000
100 5 4 ER 0.1 2000
100 6 4 ER 0.1 2000
100 7 4 ER 0.1 2000
100 8 4 ER 0.1 2000
100 9 4 ER 0.1 2000
100 10 4 ER 0.1 2000
100 11 4 ER 0.1 2000
100 12 4 ER 0.1 2000
100 13 4 ER 0.1 2000
100 14 4 ER 0.1 2000
100 15 4 ER 0.1 2000
100 16 4 ER 0.1 2000
100 17 4 ER 0.1 2000
100 18 4 ER 0.1 2000
100 19 4 ER 0.1 2000
100 20 4 ER 0.1 2000
200 4 4 ER 0.1 2000
200 5 4 ER 0.1 2000
200 6 4 ER 0.1 2000
200 7 4 ER 0.1 2000
200 8 4 ER 0.1 2000
200 9 4 ER 0.1 2000
200 10 4 ER 0.1 2000
200 11 4 ER 0.1 2000
200 12 4 ER 0.1 2000
200 13 4 ER 0.1 2000
200 14 4 ER 0.1 2000
200 15 4 ER 0.1 2000
200 16 4 ER 0.1 2000
200 17 4 ER 0.1 2000
200 18 4 ER 0.1 2000
200 19 4 ER 0.1 2000
200 20 4 ER 0.1 2000
20 4 5 ER 0.1 2000
20 5 5 ER 0.1 2000
20 6 5 ER 0.1 2000
20 7 5 ER 0.1 2000
20 8 5 ER 0.1 2000
20 9 5 ER 0.1 2000
20 10 5 ER 0.1 2000
20 11 5 ER 0.1 2000
20 12 5 ER 0.1 2000
20 13 5 ER 0.1 2000
20 14 5 ER 0.1 2000
20 15 5 ER 0.1 2000
20 16 5 ER 0.1 2000
20 17 5 ER 0.1 2000
20 18 5 ER 0.1 2000
20 19 5 ER 0.1 2000
20 20 5 ER 0.1 2000
50 4 5 ER 0.1 2000
50 5 5 ER 0.1 2000
50 6 5 ER 0.1 2000
50 7 5 ER 0.1 2000
50 8 5 ER 0.1 2000
50 9 5 ER 0.1 2000
50 10 5 ER 0.1 2000
50 11 5 ER 0.1 2000
50 12 5 ER 0.1 2000
50 13 5 ER 0.1 2000
50 14 5 ER 0.1 2000
50 15 5 ER 0.1 2000
50 16 5 ER 0.1 2000
50 17 5 ER 0.1 2000
50 18 5 ER 0.1 2000
50 19 5 ER 0.1 2000
50 20 5 ER 0.1 2000
100 4 5 ER 0.1 2000
100 5 5 ER 0.1 2000
100 6 5 ER 0.1 2000
100 7 5 ER 0.1 2000
100 8 5 ER 0.1 2000
100 9 5 ER 0.1 2000
100 10 5 ER 0.1 2000
100 11 5 ER 0.1 2000
100 12 5 ER 0.1 2000
100 13 5 ER 0.1 2000
100 14 5 ER 0.1 2000
100 15 5 ER 0.1 2000
100 16 5 ER 0.1 2000
100 17 5 ER 0.1 2000
100 18 5 ER 0.1 2000
100 19 5 ER 0.1 2000
100 20 5 ER 0.1 2000
200 4 5 ER 0.1 2000
200 5 5 ER 0.1 2000
200 6 5 ER 0.1 2000
200 7 5 ER 0.1 2000
200 8 5 ER 0.1 2000
200 9 5 ER 0.1 2000
200 10 5 ER 0.1 2000
200 11 5 ER 0.1 2000
200 12 5 ER 0.1 2000
200 13 5 ER 0.1 2000
200 14 5 ER 0.1 2000
200 15 5 ER 0.1 2000
200 16 5 ER 0.1 2000
200 17 5 ER 0.1 2000
200 18 5 ER 0.1 2000
200 19 5 ER 0.1 2000
200 20 5 ER 0.1 2000
20 4 1 RG 0.1 2000
20 5 1 RG 0.1 2000
20 6 1 RG 0.1 2000
20 7 1 RG 0.1 2000
20 8 1 RG 0.1 2000
20 9 1 RG 0.1 2000
20 10 1 RG 0.1 2000
20 11 1 RG 0.1 2000
20 12 1 RG 0.1 2000
20 13 1 RG 0.1 2000
20 14 1 RG 0.1 2000
20 15 1 RG 0.1 2000
20 16 1 RG 0.1 2000
20 17 1 RG 0.1 2000
20 18 1 RG 0.1 2000
20 19 1 RG 0.1 2000
20 20 1 RG 0.1 2000
50 4 1 RG 0.1 2000
50 5 1 RG 0.1 2000
50 6 1 RG 0.1 2000
50 7 1 RG 0.1 2000
50 8 1 RG 0.1 2000
50 9 1 RG 0.1 2000
50 10 1 RG 0.1 2000
50 11 1 RG 0.1 2000
50 12 1 RG 0.1 2000
50 13 1 RG 0.1 2000
50 14 1 RG 0.1 2000
50 15 1 RG 0.1 2000
50 16 1 RG 0.1 2000
50 17 1 RG 0.1 2000
50 18 1 RG 0.1 2000
50 19 1 RG 0.1 2000
50 20 1 RG 0.1 2000
100 4 1 RG 0.1 2000
100 5 1 RG 0.1 2000
100 6 1 RG 0.1 2000
100 7 1 RG 0.1 2000
100 8 1 RG 0.1 2000
100 9 1 RG 0.1 2000
100 10 1 RG 0.1 2000
100 11 1 RG 0.1 2000
100 12 1 RG 0.1 2000
100 13 1 RG 0.1 2000
100 14 1 RG 0.1 2000
100 15 1 RG 0.1 2000
100 16 1 RG 0.1 2000
100 17 1 RG 0.1 2000
100 18 1 RG 0.1 2000
100 19 1 RG 0.1 2000
100 20 1 RG 0.1 2000
200 4 1 RG 0.1 2000
200 5 1 RG 0.1 2000
200 6 1 RG 0.1 2000
200 7 1 RG 0.1 2000
200 8 1 RG 0.1 2000
200 9 1 RG 0.1 2000
200 10 1 RG 0.1 2000
200 11 1 RG 0.1 2000
200 12 1 RG 0.1 2000
200 13 1 RG 0.1 2000
200 14 1 RG 0.1 2000
200 15 1 RG 0.1 2000
200 16 1 RG 0.1 2000
200 17 1 RG 0.1 2000
200 18 1 RG 0.1 2000
200 19 1 RG 0.1 2000
200 20 1 RG 0.1 2000
20 4 2 RG 0.1 2000
20 5 2 RG 0.1 2000
20 6 2 RG 0.1 2000
20 7 2 RG 0.1 2000
20 8 2 RG 0.1 2000
20 9 2 RG 0.1 2000
20 10 2 RG 0.1 2000
20 11 2 RG 0.1 2000
20 12 2 RG 0.1 2000
20 13 2 RG 0.1 2000
20 14 2 RG 0.1 2000
20 15 2 RG 0.1 2000
20 16 2 RG 0.1 2000
20 17 2 RG 0.1 2000
20 18 2 RG 0.1 2000
20 19 2 RG 0.1 2000
20 20 2 RG 0.1 2000
50 4 2 RG 0.1 2000
50 5 2 RG 0.1 2000
50 6 2 RG 0.1 2000
50 7 2 RG 0.1 2000
50 8 2 RG 0.1 2000
50 9 2 RG 0.1 2000
50 10 2 RG 0.1 2000
50 11 2 RG 0.1 2000
50 12 2 RG 0.1 2000
50 13 2 RG 0.1 2000
50 14 2 RG 0.1 2000
50 15 2 RG 0.1 2000
50 16 2 RG 0.1 2000
50 17 2 RG 0.1 2000
50 18 2 RG 0.1 2000
50 19 2 RG 0.1 2000
50 20 2 RG 0.1 2000
100 4 2 RG 0.1 2000
100 5 2 RG 0.1 2000
100 6 2 RG 0.1 2000
100 7 2 RG 0.1 2000
100 8 2 RG 0.1 2000
100 9 2 RG 0.1 2000
100 10 2 RG 0.1 2000
100 11 2 RG 0.1 2000
100 12 2 RG 0.1 2000
100 13 2 RG 0.1 2000
100 14 2 RG 0.1 2000
100 15 2 RG 0.1 2000
100 16 2 RG 0.1 2000
100 17 2 RG 0.1 2000
100 18 2 RG 0.1 2000
100 19 2 RG 0.1 2000
100 20 2 RG 0.1 2000
200 4 2 RG 0.1 2000
200 5 2 RG 0.1 2000
200 6 2 RG 0.1 2000
200 7 2 RG 0.1 2000
200 8 2 RG 0.1 2000
200 9 2 RG 0.1 2000
200 10 2 RG 0.1 2000
200 11 2 RG 0.1 2000
200 12 2 RG 0.1 2000
200 13 2 RG 0.1 2000
200 14 2 RG 0.1 2000
200 15 2 RG 0.1 2000
200 16 2 RG 0.1 2000
200 17 2 RG 0.1 2000
200 18 2 RG 0.1 2000
200 19 2 RG 0.1 2000
200 20 2 RG 0.1 2000
20 4 3 RG 0.1 2000
20 5 3 RG 0.1 2000
20 6 3 RG 0.1 2000
20 7 3 RG 0.1 2000
20 8 3 RG 0.1 2000
20 9 3 RG 0.1 2000
20 10 3 RG 0.1 2000
20 11 3 RG 0.1 2000
20 12 3 RG 0.1 2000
20 13 3 RG 0.1 2000
20 14 3 RG 0.1 2000
20 15 3 RG 0.1 2000
20 16 3 RG 0.1 2000
20 17 3 RG 0.1 2000
20 18 3 RG 0.1 2000
20 19 3 RG 0.1 2000
20 20 3 RG 0.1 2000
50 4 3 RG 0.1 2000
50 5 3 RG 0.1 2000
50 6 3 RG 0.1 2000
50 7 3 RG 0.1 2000
50 8 3 RG 0.1 2000
50 9 3 RG 0.1 2000
50 10 3 RG 0.1 2000
50 11 3 RG 0.1 2000
50 12 3 RG 0.1 2000
50 13 3 RG 0.1 2000
50 14 3 RG 0.1 2000
50 15 3 RG 0.1 2000
50 16 3 RG 0.1 2000
50 17 3 RG 0.1 2000
50 18 3 RG 0.1 2000
50 19 3 RG 0.1 2000
50 20 3 RG 0.1 2000
100 4 3 RG 0.1 2000
100 5 3 RG 0.1 2000
100 6 3 RG 0.1 2000
100 7 3 RG 0.1 2000
100 8 3 RG 0.1 2000
100 9 3 RG 0.1 2000
100 10 3 RG 0.1 2000
100 11 3 RG 0.1 2000
100 12 3 RG 0.1 2000
100 13 3 RG 0.1 2000
100 14 3 RG 0.1 2000
100 15 3 RG 0.1 2000
100 16 3 RG 0.1 2000
100 17 3 RG 0.1 2000
100 18 3 RG 0.1 2000
100 19 3 RG 0.1 2000
100 20 3 RG 0.1 2000
200 4 3 RG 0.1 2000
200 5 3 RG 0.1 2000
200 6 3 RG 0.1 2000
200 7 3 RG 0.1 2000
200 8 3 RG 0.1 2000
200 9 3 RG 0.1 2000
200 10 3 RG 0.1 2000
200 11 3 RG 0.1 2000
200 12 3 RG 0.1 2000
200 13 3 RG 0.1 2000
200 14 3 RG 0.1 2000
200 15 3 RG 0.1 2000
200 16 3 RG 0.1 2000
200 17 3 RG 0.1 2000
200 18 3 RG 0.1 2000
200 19 3 RG 0.1 2000
200 20 3 RG 0.1 2000
20 4 4 RG 0.1 2000
20 5 4 RG 0.1 2000
20 6 4 RG 0.1 2000
20 7 4 RG 0.1 2000
20 8 4 RG 0.1 2000
20 9 4 RG 0.1 2000
20 10 4 RG 0.1 2000
20 11 4 RG 0.1 2000
20 12 4 RG 0.1 2000
20 13 4 RG 0.1 2000
20 14 4 RG 0.1 2000
20 15 4 RG 0.1 2000
20 16 4 RG 0.1 2000
20 17 4 RG 0.1 2000
20 18 4 RG 0.1 2000
20 19 4 RG 0.1 2000
20 20 4 RG 0.1 2000
50 4 4 RG 0.1 2000
50 5 4 RG 0.1 2000
50 6 4 RG 0.1 2000
50 7 4 RG 0.1 2000
50 8 4 RG 0.1 2000
50 9 4 RG 0.1 2000
50 10 4 RG 0.1 2000
50 11 4 RG 0.1 2000
50 12 4 RG 0.1 2000
50 13 4 RG 0.1 2000
50 14 4 RG 0.1 2000
50 15 4 RG 0.1 2000
50 16 4 RG 0.1 2000
50 17 4 RG 0.1 2000
50 18 4 RG 0.1 2000
50 19 4 RG 0.1 2000
50 20 4 RG 0.1 2000
100 4 4 RG 0.1 2000
100 5 4 RG 0.1 2000
100 6 4 RG 0.1 2000
100 7 4 RG 0.1 2000
100 8 4 RG 0.1 2000
100 9 4 RG 0.1 2000
100 10 4 RG 0.1 2000
100 11 4 RG 0.1 2000
100 12 4 RG 0.1 2000
100 13 4 RG 0.1 2000
100 14 4 RG 0.1 2000
100 15 4 RG 0.1 2000
100 16 4 RG 0.1 2000
100 17 4 RG 0.1 2000
100 18 4 RG 0.1 2000
100 19 4 RG 0.1 2000
100 20 4 RG 0.1 2000
200 4 4 RG 0.1 2000
200 5 4 RG 0.1 2000
200 6 4 RG 0.1 2000
200 7 4 RG 0.1 2000
200 8 4 RG 0.1 2000
200 9 4 RG 0.1 2000
200 10 4 RG 0.1 2000
200 11 4 RG 0.1 2000
200 12 4 RG 0.1 2000
200 13 4 RG 0.1 2000
200 14 4 RG 0.1 2000
200 15 4 RG 0.1 2000
200 16 4 RG 0.1 2000
200 17 4 RG 0.1 2000
200 18 4 RG 0.1 2000
200 19 4 RG 0.1 2000
200 20 4 RG 0.1 2000
20 4 5 RG 0.1 2000
20 5 5 RG 0.1 2000
20 6 5 RG 0.1 2000
20 7 5 RG 0.1 2000
20 8 5 RG 0.1 2000
20 9 5 RG 0.1 2000
20 10 5 RG 0.1 2000
20 11 5 RG 0.1 2000
20 12 5 RG 0.1 2000
20 13 5 RG 0.1 2000
20 14 5 RG 0.1 2000
20 15 5 RG 0.1 2000
20 16 5 RG 0.1 2000
20 17 5 RG 0.1 2000
20 18 5 RG 0.1 2000
20 19 5 RG 0.1 2000
20 20 5 RG 0.1 2000
50 4 5 RG 0.1 2000
50 5 5 RG 0.1 2000
50 6 5 RG 0.1 2000
50 7 5 RG 0.1 2000
50 8 5 RG 0.1 2000
50 9 5 RG 0.1 2000
50 10 5 RG 0.1 2000
50 11 5 RG 0.1 2000
50 12 5 RG 0.1 2000
50 13 5 RG 0.1 2000
50 14 5 RG 0.1 2000
50 15 5 RG 0.1 2000
50 16 5 RG 0.1 2000
50 17 5 RG 0.1 2000
50 18 5 RG 0.1 2000
50 19 5 RG 0.1 2000
50 20 5 RG 0.1 2000
100 4 5 RG 0.1 2000
100 5 5 RG 0.1 2000
100 6 5 RG 0.1 2000
100 7 5 RG 0.1 2000
100 8 5 RG 0.1 2000
100 9 5 RG 0.1 2000
100 10 5 RG 0.1 2000
100 11 5 RG 0.1 2000
100 12 5 RG 0.1 2000
100 13 5 RG 0.1 2000
100 14 5 RG 0.1 2000
100 15 5 RG 0.1 2000
100 16 5 RG 0.1 2000
100 17 5 RG 0.1 2000
100 18 5 RG 0.1 2000
100 19 5 RG 0.1 2000
100 20 5 RG 0.1 2000
200 4 5 RG 0.1 2000
200 5 5 RG 0.1 2000
200 6 5 RG 0.1 2000
200 7 5 RG 0.1 2000
200 8 5 RG 0.1 2000
200 9 5 RG 0.1 2000
200 10 5 RG 0.1 2000
200 11 5 RG 0.1 2000
200 12 5 RG 0.1 2000
200 13 5 RG 0.1 2000
200 14 5 RG 0.1 2000
200 15 5 RG 0.1 2000
200 16 5 RG 0.1 2000
200 17 5 RG 0.1 2000
200 18 5 RG 0.1 2000
200 19 5 RG 0.1 2000
200 20 5 RG 0.1 2000
