20 4 2 RG 0.1 2000
20 5 2 RG 0.1 2000
20 6 2 RG 0.1 2000
20 7 2 RG 0.1 2000
20 8 2 RG 0.1 2000
20 9 2 RG 0.1 2000
20 10 2 RG 0.1 2000
20 11 2 RG 0.1 2000
20 12 2 RG 0.1 2000
20 13 2 RG 0.1 2000
20 14 2 RG 0.1 2000
20 15 2 RG 0.1 2000
20 16 2 RG 0.1 2000
20 17 2 RG 0.1 2000
20 18 2 RG 0.1 2000
20 19 2 RG 0.1 2000
20 20 2 RG 0.1 2000
50 4 2 RG 0.1 2000
50 5 2 RG 0.1 2000
50 6 2 RG 0.1 2000
50 7 2 RG 0.1 2000
50 8 2 RG 0.1 2000
50 9 2 RG 0.1 2000
50 10 2 RG 0.1 2000
50 11 2 RG 0.1 2000
50 12 2 RG 0.1 2000
50 13 2 RG 0.1 2000
50 14 2 RG 0.1 2000
50 15 2 RG 0.1 2000
50 16 2 RG 0.1 2000
50 17 2 RG 0.1 2000
50 18 2 RG 0.1 2000
50 19 2 RG 0.1 2000
50 20 2 RG 0.1 2000
100 4 2 RG 0.1 2000
100 5 2 RG 0.1 2000
100 6 2 RG 0.1 2000
100 7 2 RG 0.1 2000
100 8 2 RG 0.1 2000
100 9 2 RG 0.1 2000
100 10 2 RG 0.1 2000
100 11 2 RG 0.1 2000
100 12 2 RG 0.1 2000
100 13 2 RG 0.1 2000
100 14 2 RG 0.1 2000
100 15 2 RG 0.1 2000
100 16 2 RG 0.1 2000
100 17 2 RG 0.1 2000
100 18 2 RG 0.1 2000
100 19 2 RG 0.1 2000
100 20 2 RG 0.1 2000
200 4 2 RG 0.1 2000
200 5 2 RG 0.1 2000
200 6 2 RG 0.1 2000
200 7 2 RG 0.1 2000
200 8 2 RG 0.1 2000
200 9 2 RG 0.1 2000
200 10 2 RG 0.1 2000
200 11 2 RG 0.1 2000
200 12 2 RG 0.1 2000
200 13 2 RG 0.1 2000
200 14 2 RG 0.1 2000
200 15 2 RG 0.1 2000
200 16 2 RG 0.1 2000
200 17 2 RG 0.1 2000
200 18 2 RG 0.1 2000
200 19 2 RG 0.1 2000
200 20 2 RG 0.1 2000