20 4 4 RG 0.1 2000
20 5 4 RG 0.1 2000
20 6 4 RG 0.1 2000
20 7 4 RG 0.1 2000
20 8 4 RG 0.1 2000
20 9 4 RG 0.1 2000
20 10 4 RG 0.1 2000
20 11 4 RG 0.1 2000
20 12 4 RG 0.1 2000
20 13 4 RG 0.1 2000
20 14 4 RG 0.1 2000
20 15 4 RG 0.1 2000
20 16 4 RG 0.1 2000
20 17 4 RG 0.1 2000
20 18 4 RG 0.1 2000
20 19 4 RG 0.1 2000
20 20 4 RG 0.1 2000
50 4 4 RG 0.1 2000
50 5 4 RG 0.1 2000
50 6 4 RG 0.1 2000
50 7 4 RG 0.1 2000
50 8 4 RG 0.1 2000
50 9 4 RG 0.1 2000
50 10 4 RG 0.1 2000
50 11 4 RG 0.1 2000
50 12 4 RG 0.1 2000
50 13 4 RG 0.1 2000
50 14 4 RG 0.1 2000
50 15 4 RG 0.1 2000
50 16 4 RG 0.1 2000
50 17 4 RG 0.1 2000
50 18 4 RG 0.1 2000
50 19 4 RG 0.1 2000
50 20 4 RG 0.1 2000
100 4 4 RG 0.1 2000
100 5 4 RG 0.1 2000
100 6 4 RG 0.1 2000
100 7 4 RG 0.1 2000
100 8 4 RG 0.1 2000
100 9 4 RG 0.1 2000
100 10 4 RG 0.1 2000
100 11 4 RG 0.1 2000
100 12 4 RG 0.1 2000
100 13 4 RG 0.1 2000
100 14 4 RG 0.1 2000
100 15 4 RG 0.1 2000
100 16 4 RG 0.1 2000
100 17 4 RG 0.1 2000
100 18 4 RG 0.1 2000
100 19 4 RG 0.1 2000
100 20 4 RG 0.1 2000
200 4 4 RG 0.1 2000
200 5 4 RG 0.1 2000
200 6 4 RG 0.1 2000
200 7 4 RG 0.1 2000
200 8 4 RG 0.1 2000
200 9 4 RG 0.1 2000
200 10 4 RG 0.1 2000
200 11 4 RG 0.1 2000
200 12 4 RG 0.1 2000
200 13 4 RG 0.1 2000
200 14 4 RG 0.1 2000
200 15 4 RG 0.1 2000
200 16 4 RG 0.1 2000
200 17 4 RG 0.1 2000
200 18 4 RG 0.1 2000
200 19 4 RG 0.1 2000
200 20 4 RG 0.1 2000