20 4 1 ER 0.1 2000
20 5 1 ER 0.1 2000
20 6 1 ER 0.1 2000
20 7 1 ER 0.1 2000
20 8 1 ER 0.1 2000
20 9 1 ER 0.1 2000
20 10 1 ER 0.1 2000
20 11 1 ER 0.1 2000
20 12 1 ER 0.1 2000
20 13 1 ER 0.1 2000
20 14 1 ER 0.1 2000
20 15 1 ER 0.1 2000
20 16 1 ER 0.1 2000
20 17 1 ER 0.1 2000
20 18 1 ER 0.1 2000
20 19 1 ER 0.1 2000
20 20 1 ER 0.1 2000
50 4 1 ER 0.1 2000
50 5 1 ER 0.1 2000
50 6 1 ER 0.1 2000
50 7 1 ER 0.1 2000
50 8 1 ER 0.1 2000
50 9 1 ER 0.1 2000
50 10 1 ER 0.1 2000
50 11 1 ER 0.1 2000
50 12 1 ER 0.1 2000
50 13 1 ER 0.1 2000
50 14 1 ER 0.1 2000
50 15 1 ER 0.1 2000
50 16 1 ER 0.1 2000
50 17 1 ER 0.1 2000
50 18 1 ER 0.1 2000
50 19 1 ER 0.1 2000
50 20 1 ER 0.1 2000
100 4 1 ER 0.1 2000
100 5 1 ER 0.1 2000
100 6 1 ER 0.1 2000
100 7 1 ER 0.1 2000
100 8 1 ER 0.1 2000
100 9 1 ER 0.1 2000
100 10 1 ER 0.1 2000
100 11 1 ER 0.1 2000
100 12 1 ER 0.1 2000
100 13 1 ER 0.1 2000
100 14 1 ER 0.1 2000
100 15 1 ER 0.1 2000
100 16 1 ER 0.1 2000
100 17 1 ER 0.1 2000
100 18 1 ER 0.1 2000
100 19 1 ER 0.1 2000
100 20 1 ER 0.1 2000
200 4 1 ER 0.1 2000
200 5 1 ER 0.1 2000
200 6 1 ER 0.1 2000
200 7 1 ER 0.1 2000
200 8 1 ER 0.1 2000
200 9 1 ER 0.1 2000
200 10 1 ER 0.1 2000
200 11 1 ER 0.1 2000
200 12 1 ER 0.1 2000
200 13 1 ER 0.1 2000
200 14 1 ER 0.1 2000
200 15 1 ER 0.1 2000
200 16 1 ER 0.1 2000
200 17 1 ER 0.1 2000
200 18 1 ER 0.1 2000
200 19 1 ER 0.1 2000
200 20 1 ER 0.1 2000