20 4 6 5 4 1 2 2000
20 4 6 5 4 1 3 2000
20 4 6 5 4 1 4 2000
20 4 6 5 4 5 6 2000
20 4 6 5 4 5 7 2000
20 4 6 5 4 5 8 2000
20 4 6 5 4 1 5 2000
20 4 6 5 4 2 6 2000
20 4 6 5 4 3 7 2000
20 4 6 5 4 4 8 2000
20 4 5 4 3 1 2 2000
20 4 5 4 3 1 3 2000
20 4 5 4 3 1 4 2000
20 4 5 4 3 5 6 2000
20 4 5 4 3 5 7 2000
20 4 5 4 3 5 8 2000
20 4 5 4 3 1 5 2000
20 4 5 4 3 2 6 2000
20 4 5 4 3 3 7 2000
20 4 5 4 3 4 8 2000
20 4 4 3 2 1 2 2000
20 4 4 3 2 1 3 2000
20 4 4 3 2 1 4 2000
20 4 4 3 2 5 6 2000
20 4 4 3 2 5 7 2000
20 4 4 3 2 5 8 2000
20 4 4 3 2 1 5 2000
20 4 4 3 2 2 6 2000
20 4 4 3 2 3 7 2000
20 4 4 3 2 4 8 2000
20 4 3 2 1 1 2 2000
20 4 3 2 1 1 3 2000
20 4 3 2 1 1 4 2000
20 4 3 2 1 5 6 2000
20 4 3 2 1 5 7 2000
20 4 3 2 1 5 8 2000
20 4 3 2 1 1 5 2000
20 4 3 2 1 2 6 2000
20 4 3 2 1 3 7 2000
20 4 3 2 1 4 8 2000
20 5 6 5 4 1 2 2000
20 5 6 5 4 1 3 2000
20 5 6 5 4 1 4 2000
20 5 6 5 4 5 6 2000
20 5 6 5 4 5 7 2000
20 5 6 5 4 5 8 2000
20 5 6 5 4 1 5 2000
20 5 6 5 4 2 6 2000
20 5 6 5 4 3 7 2000
20 5 6 5 4 4 8 2000
20 5 5 4 3 1 2 2000
20 5 5 4 3 1 3 2000
20 5 5 4 3 1 4 2000
20 5 5 4 3 5 6 2000
20 5 5 4 3 5 7 2000
20 5 5 4 3 5 8 2000
20 5 5 4 3 1 5 2000
20 5 5 4 3 2 6 2000
20 5 5 4 3 3 7 2000
20 5 5 4 3 4 8 2000
20 5 4 3 2 1 2 2000
20 5 4 3 2 1 3 2000
20 5 4 3 2 1 4 2000
20 5 4 3 2 5 6 2000
20 5 4 3 2 5 7 2000
20 5 4 3 2 5 8 2000
20 5 4 3 2 1 5 2000
20 5 4 3 2 2 6 2000
20 5 4 3 2 3 7 2000
20 5 4 3 2 4 8 2000
20 5 3 2 1 1 2 2000
20 5 3 2 1 1 3 2000
20 5 3 2 1 1 4 2000
20 5 3 2 1 5 6 2000
20 5 3 2 1 5 7 2000
20 5 3 2 1 5 8 2000
20 5 3 2 1 1 5 2000
20 5 3 2 1 2 6 2000
20 5 3 2 1 3 7 2000
20 5 3 2 1 4 8 2000
20 6 6 5 4 1 2 2000
20 6 6 5 4 1 3 2000
20 6 6 5 4 1 4 2000
20 6 6 5 4 5 6 2000
20 6 6 5 4 5 7 2000
20 6 6 5 4 5 8 2000
20 6 6 5 4 1 5 2000
20 6 6 5 4 2 6 2000
20 6 6 5 4 3 7 2000
20 6 6 5 4 4 8 2000
20 6 5 4 3 1 2 2000
20 6 5 4 3 1 3 2000
20 6 5 4 3 1 4 2000
20 6 5 4 3 5 6 2000
20 6 5 4 3 5 7 2000
20 6 5 4 3 5 8 2000
20 6 5 4 3 1 5 2000
20 6 5 4 3 2 6 2000
20 6 5 4 3 3 7 2000
20 6 5 4 3 4 8 2000
20 6 4 3 2 1 2 2000
20 6 4 3 2 1 3 2000
20 6 4 3 2 1 4 2000
20 6 4 3 2 5 6 2000
20 6 4 3 2 5 7 2000
20 6 4 3 2 5 8 2000
20 6 4 3 2 1 5 2000
20 6 4 3 2 2 6 2000
20 6 4 3 2 3 7 2000
20 6 4 3 2 4 8 2000
20 6 3 2 1 1 2 2000
20 6 3 2 1 1 3 2000
20 6 3 2 1 1 4 2000
20 6 3 2 1 5 6 2000
20 6 3 2 1 5 7 2000
20 6 3 2 1 5 8 2000
20 6 3 2 1 1 5 2000
20 6 3 2 1 2 6 2000
20 6 3 2 1 3 7 2000
20 6 3 2 1 4 8 2000
20 7 6 5 4 1 2 2000
20 7 6 5 4 1 3 2000
20 7 6 5 4 1 4 2000
20 7 6 5 4 5 6 2000
20 7 6 5 4 5 7 2000
20 7 6 5 4 5 8 2000
20 7 6 5 4 1 5 2000
20 7 6 5 4 2 6 2000
20 7 6 5 4 3 7 2000
20 7 6 5 4 4 8 2000
20 7 5 4 3 1 2 2000
20 7 5 4 3 1 3 2000
20 7 5 4 3 1 4 2000
20 7 5 4 3 5 6 2000
20 7 5 4 3 5 7 2000
20 7 5 4 3 5 8 2000
20 7 5 4 3 1 5 2000
20 7 5 4 3 2 6 2000
20 7 5 4 3 3 7 2000
20 7 5 4 3 4 8 2000
20 7 4 3 2 1 2 2000
20 7 4 3 2 1 3 2000
20 7 4 3 2 1 4 2000
20 7 4 3 2 5 6 2000
20 7 4 3 2 5 7 2000
20 7 4 3 2 5 8 2000
20 7 4 3 2 1 5 2000
20 7 4 3 2 2 6 2000
20 7 4 3 2 3 7 2000
20 7 4 3 2 4 8 2000
20 7 3 2 1 1 2 2000
20 7 3 2 1 1 3 2000
20 7 3 2 1 1 4 2000
20 7 3 2 1 5 6 2000
20 7 3 2 1 5 7 2000
20 7 3 2 1 5 8 2000
20 7 3 2 1 1 5 2000
20 7 3 2 1 2 6 2000
20 7 3 2 1 3 7 2000
20 7 3 2 1 4 8 2000
20 8 6 5 4 1 2 2000
20 8 6 5 4 1 3 2000
20 8 6 5 4 1 4 2000
20 8 6 5 4 5 6 2000
20 8 6 5 4 5 7 2000
20 8 6 5 4 5 8 2000
20 8 6 5 4 1 5 2000
20 8 6 5 4 2 6 2000
20 8 6 5 4 3 7 2000
20 8 6 5 4 4 8 2000
20 8 5 4 3 1 2 2000
20 8 5 4 3 1 3 2000
20 8 5 4 3 1 4 2000
20 8 5 4 3 5 6 2000
20 8 5 4 3 5 7 2000
20 8 5 4 3 5 8 2000
20 8 5 4 3 1 5 2000
20 8 5 4 3 2 6 2000
20 8 5 4 3 3 7 2000
20 8 5 4 3 4 8 2000
20 8 4 3 2 1 2 2000
20 8 4 3 2 1 3 2000
20 8 4 3 2 1 4 2000
20 8 4 3 2 5 6 2000
20 8 4 3 2 5 7 2000
20 8 4 3 2 5 8 2000
20 8 4 3 2 1 5 2000
20 8 4 3 2 2 6 2000
20 8 4 3 2 3 7 2000
20 8 4 3 2 4 8 2000
20 8 3 2 1 1 2 2000
20 8 3 2 1 1 3 2000
20 8 3 2 1 1 4 2000
20 8 3 2 1 5 6 2000
20 8 3 2 1 5 7 2000
20 8 3 2 1 5 8 2000
20 8 3 2 1 1 5 2000
20 8 3 2 1 2 6 2000
20 8 3 2 1 3 7 2000
20 8 3 2 1 4 8 2000
20 9 6 5 4 1 2 2000
20 9 6 5 4 1 3 2000
20 9 6 5 4 1 4 2000
20 9 6 5 4 5 6 2000
20 9 6 5 4 5 7 2000
20 9 6 5 4 5 8 2000
20 9 6 5 4 1 5 2000
20 9 6 5 4 2 6 2000
20 9 6 5 4 3 7 2000
20 9 6 5 4 4 8 2000
20 9 5 4 3 1 2 2000
20 9 5 4 3 1 3 2000
20 9 5 4 3 1 4 2000
20 9 5 4 3 5 6 2000
20 9 5 4 3 5 7 2000
20 9 5 4 3 5 8 2000
20 9 5 4 3 1 5 2000
20 9 5 4 3 2 6 2000
20 9 5 4 3 3 7 2000
20 9 5 4 3 4 8 2000
20 9 4 3 2 1 2 2000
20 9 4 3 2 1 3 2000
20 9 4 3 2 1 4 2000
20 9 4 3 2 5 6 2000
20 9 4 3 2 5 7 2000
20 9 4 3 2 5 8 2000
20 9 4 3 2 1 5 2000
20 9 4 3 2 2 6 2000
20 9 4 3 2 3 7 2000
20 9 4 3 2 4 8 2000
20 9 3 2 1 1 2 2000
20 9 3 2 1 1 3 2000
20 9 3 2 1 1 4 2000
20 9 3 2 1 5 6 2000
20 9 3 2 1 5 7 2000
20 9 3 2 1 5 8 2000
20 9 3 2 1 1 5 2000
20 9 3 2 1 2 6 2000
20 9 3 2 1 3 7 2000
20 9 3 2 1 4 8 2000
20 10 6 5 4 1 2 2000
20 10 6 5 4 1 3 2000
20 10 6 5 4 1 4 2000
20 10 6 5 4 5 6 2000
20 10 6 5 4 5 7 2000
20 10 6 5 4 5 8 2000
20 10 6 5 4 1 5 2000
20 10 6 5 4 2 6 2000
20 10 6 5 4 3 7 2000
20 10 6 5 4 4 8 2000
20 10 5 4 3 1 2 2000
20 10 5 4 3 1 3 2000
20 10 5 4 3 1 4 2000
20 10 5 4 3 5 6 2000
20 10 5 4 3 5 7 2000
20 10 5 4 3 5 8 2000
20 10 5 4 3 1 5 2000
20 10 5 4 3 2 6 2000
20 10 5 4 3 3 7 2000
20 10 5 4 3 4 8 2000
20 10 4 3 2 1 2 2000
20 10 4 3 2 1 3 2000
20 10 4 3 2 1 4 2000
20 10 4 3 2 5 6 2000
20 10 4 3 2 5 7 2000
20 10 4 3 2 5 8 2000
20 10 4 3 2 1 5 2000
20 10 4 3 2 2 6 2000
20 10 4 3 2 3 7 2000
20 10 4 3 2 4 8 2000
20 10 3 2 1 1 2 2000
20 10 3 2 1 1 3 2000
20 10 3 2 1 1 4 2000
20 10 3 2 1 5 6 2000
20 10 3 2 1 5 7 2000
20 10 3 2 1 5 8 2000
20 10 3 2 1 1 5 2000
20 10 3 2 1 2 6 2000
20 10 3 2 1 3 7 2000
20 10 3 2 1 4 8 2000
20 11 6 5 4 1 2 2000
20 11 6 5 4 1 3 2000
20 11 6 5 4 1 4 2000
20 11 6 5 4 5 6 2000
20 11 6 5 4 5 7 2000
20 11 6 5 4 5 8 2000
20 11 6 5 4 1 5 2000
20 11 6 5 4 2 6 2000
20 11 6 5 4 3 7 2000
20 11 6 5 4 4 8 2000
20 11 5 4 3 1 2 2000
20 11 5 4 3 1 3 2000
20 11 5 4 3 1 4 2000
20 11 5 4 3 5 6 2000
20 11 5 4 3 5 7 2000
20 11 5 4 3 5 8 2000
20 11 5 4 3 1 5 2000
20 11 5 4 3 2 6 2000
20 11 5 4 3 3 7 2000
20 11 5 4 3 4 8 2000
20 11 4 3 2 1 2 2000
20 11 4 3 2 1 3 2000
20 11 4 3 2 1 4 2000
20 11 4 3 2 5 6 2000
20 11 4 3 2 5 7 2000
20 11 4 3 2 5 8 2000
20 11 4 3 2 1 5 2000
20 11 4 3 2 2 6 2000
20 11 4 3 2 3 7 2000
20 11 4 3 2 4 8 2000
20 11 3 2 1 1 2 2000
20 11 3 2 1 1 3 2000
20 11 3 2 1 1 4 2000
20 11 3 2 1 5 6 2000
20 11 3 2 1 5 7 2000
20 11 3 2 1 5 8 2000
20 11 3 2 1 1 5 2000
20 11 3 2 1 2 6 2000
20 11 3 2 1 3 7 2000
20 11 3 2 1 4 8 2000
20 12 6 5 4 1 2 2000
20 12 6 5 4 1 3 2000
20 12 6 5 4 1 4 2000
20 12 6 5 4 5 6 2000
20 12 6 5 4 5 7 2000
20 12 6 5 4 5 8 2000
20 12 6 5 4 1 5 2000
20 12 6 5 4 2 6 2000
20 12 6 5 4 3 7 2000
20 12 6 5 4 4 8 2000
20 12 5 4 3 1 2 2000
20 12 5 4 3 1 3 2000
20 12 5 4 3 1 4 2000
20 12 5 4 3 5 6 2000
20 12 5 4 3 5 7 2000
20 12 5 4 3 5 8 2000
20 12 5 4 3 1 5 2000
20 12 5 4 3 2 6 2000
20 12 5 4 3 3 7 2000
20 12 5 4 3 4 8 2000
20 12 4 3 2 1 2 2000
20 12 4 3 2 1 3 2000
20 12 4 3 2 1 4 2000
20 12 4 3 2 5 6 2000
20 12 4 3 2 5 7 2000
20 12 4 3 2 5 8 2000
20 12 4 3 2 1 5 2000
20 12 4 3 2 2 6 2000
20 12 4 3 2 3 7 2000
20 12 4 3 2 4 8 2000
20 12 3 2 1 1 2 2000
20 12 3 2 1 1 3 2000
20 12 3 2 1 1 4 2000
20 12 3 2 1 5 6 2000
20 12 3 2 1 5 7 2000
20 12 3 2 1 5 8 2000
20 12 3 2 1 1 5 2000
20 12 3 2 1 2 6 2000
20 12 3 2 1 3 7 2000
20 12 3 2 1 4 8 2000
20 13 6 5 4 1 2 2000
20 13 6 5 4 1 3 2000
20 13 6 5 4 1 4 2000
20 13 6 5 4 5 6 2000
20 13 6 5 4 5 7 2000
20 13 6 5 4 5 8 2000
20 13 6 5 4 1 5 2000
20 13 6 5 4 2 6 2000
20 13 6 5 4 3 7 2000
20 13 6 5 4 4 8 2000
20 13 5 4 3 1 2 2000
20 13 5 4 3 1 3 2000
20 13 5 4 3 1 4 2000
20 13 5 4 3 5 6 2000
20 13 5 4 3 5 7 2000
20 13 5 4 3 5 8 2000
20 13 5 4 3 1 5 2000
20 13 5 4 3 2 6 2000
20 13 5 4 3 3 7 2000
20 13 5 4 3 4 8 2000
20 13 4 3 2 1 2 2000
20 13 4 3 2 1 3 2000
20 13 4 3 2 1 4 2000
20 13 4 3 2 5 6 2000
20 13 4 3 2 5 7 2000
20 13 4 3 2 5 8 2000
20 13 4 3 2 1 5 2000
20 13 4 3 2 2 6 2000
20 13 4 3 2 3 7 2000
20 13 4 3 2 4 8 2000
20 13 3 2 1 1 2 2000
20 13 3 2 1 1 3 2000
20 13 3 2 1 1 4 2000
20 13 3 2 1 5 6 2000
20 13 3 2 1 5 7 2000
20 13 3 2 1 5 8 2000
20 13 3 2 1 1 5 2000
20 13 3 2 1 2 6 2000
20 13 3 2 1 3 7 2000
20 13 3 2 1 4 8 2000
20 14 6 5 4 1 2 2000
20 14 6 5 4 1 3 2000
20 14 6 5 4 1 4 2000
20 14 6 5 4 5 6 2000
20 14 6 5 4 5 7 2000
20 14 6 5 4 5 8 2000
20 14 6 5 4 1 5 2000
20 14 6 5 4 2 6 2000
20 14 6 5 4 3 7 2000
20 14 6 5 4 4 8 2000
20 14 5 4 3 1 2 2000
20 14 5 4 3 1 3 2000
20 14 5 4 3 1 4 2000
20 14 5 4 3 5 6 2000
20 14 5 4 3 5 7 2000
20 14 5 4 3 5 8 2000
20 14 5 4 3 1 5 2000
20 14 5 4 3 2 6 2000
20 14 5 4 3 3 7 2000
20 14 5 4 3 4 8 2000
20 14 4 3 2 1 2 2000
20 14 4 3 2 1 3 2000
20 14 4 3 2 1 4 2000
20 14 4 3 2 5 6 2000
20 14 4 3 2 5 7 2000
20 14 4 3 2 5 8 2000
20 14 4 3 2 1 5 2000
20 14 4 3 2 2 6 2000
20 14 4 3 2 3 7 2000
20 14 4 3 2 4 8 2000
20 14 3 2 1 1 2 2000
20 14 3 2 1 1 3 2000
20 14 3 2 1 1 4 2000
20 14 3 2 1 5 6 2000
20 14 3 2 1 5 7 2000
20 14 3 2 1 5 8 2000
20 14 3 2 1 1 5 2000
20 14 3 2 1 2 6 2000
20 14 3 2 1 3 7 2000
20 14 3 2 1 4 8 2000
20 15 6 5 4 1 2 2000
20 15 6 5 4 1 3 2000
20 15 6 5 4 1 4 2000
20 15 6 5 4 5 6 2000
20 15 6 5 4 5 7 2000
20 15 6 5 4 5 8 2000
20 15 6 5 4 1 5 2000
20 15 6 5 4 2 6 2000
20 15 6 5 4 3 7 2000
20 15 6 5 4 4 8 2000
20 15 5 4 3 1 2 2000
20 15 5 4 3 1 3 2000
20 15 5 4 3 1 4 2000
20 15 5 4 3 5 6 2000
20 15 5 4 3 5 7 2000
20 15 5 4 3 5 8 2000
20 15 5 4 3 1 5 2000
20 15 5 4 3 2 6 2000
20 15 5 4 3 3 7 2000
20 15 5 4 3 4 8 2000
20 15 4 3 2 1 2 2000
20 15 4 3 2 1 3 2000
20 15 4 3 2 1 4 2000
20 15 4 3 2 5 6 2000
20 15 4 3 2 5 7 2000
20 15 4 3 2 5 8 2000
20 15 4 3 2 1 5 2000
20 15 4 3 2 2 6 2000
20 15 4 3 2 3 7 2000
20 15 4 3 2 4 8 2000
20 15 3 2 1 1 2 2000
20 15 3 2 1 1 3 2000
20 15 3 2 1 1 4 2000
20 15 3 2 1 5 6 2000
20 15 3 2 1 5 7 2000
20 15 3 2 1 5 8 2000
20 15 3 2 1 1 5 2000
20 15 3 2 1 2 6 2000
20 15 3 2 1 3 7 2000
20 15 3 2 1 4 8 2000
20 16 6 5 4 1 2 2000
20 16 6 5 4 1 3 2000
20 16 6 5 4 1 4 2000
20 16 6 5 4 5 6 2000
20 16 6 5 4 5 7 2000
20 16 6 5 4 5 8 2000
20 16 6 5 4 1 5 2000
20 16 6 5 4 2 6 2000
20 16 6 5 4 3 7 2000
20 16 6 5 4 4 8 2000
20 16 5 4 3 1 2 2000
20 16 5 4 3 1 3 2000
20 16 5 4 3 1 4 2000
20 16 5 4 3 5 6 2000
20 16 5 4 3 5 7 2000
20 16 5 4 3 5 8 2000
20 16 5 4 3 1 5 2000
20 16 5 4 3 2 6 2000
20 16 5 4 3 3 7 2000
20 16 5 4 3 4 8 2000
20 16 4 3 2 1 2 2000
20 16 4 3 2 1 3 2000
20 16 4 3 2 1 4 2000
20 16 4 3 2 5 6 2000
20 16 4 3 2 5 7 2000
20 16 4 3 2 5 8 2000
20 16 4 3 2 1 5 2000
20 16 4 3 2 2 6 2000
20 16 4 3 2 3 7 2000
20 16 4 3 2 4 8 2000
20 16 3 2 1 1 2 2000
20 16 3 2 1 1 3 2000
20 16 3 2 1 1 4 2000
20 16 3 2 1 5 6 2000
20 16 3 2 1 5 7 2000
20 16 3 2 1 5 8 2000
20 16 3 2 1 1 5 2000
20 16 3 2 1 2 6 2000
20 16 3 2 1 3 7 2000
20 16 3 2 1 4 8 2000
20 17 6 5 4 1 2 2000
20 17 6 5 4 1 3 2000
20 17 6 5 4 1 4 2000
20 17 6 5 4 5 6 2000
20 17 6 5 4 5 7 2000
20 17 6 5 4 5 8 2000
20 17 6 5 4 1 5 2000
20 17 6 5 4 2 6 2000
20 17 6 5 4 3 7 2000
20 17 6 5 4 4 8 2000
20 17 5 4 3 1 2 2000
20 17 5 4 3 1 3 2000
20 17 5 4 3 1 4 2000
20 17 5 4 3 5 6 2000
20 17 5 4 3 5 7 2000
20 17 5 4 3 5 8 2000
20 17 5 4 3 1 5 2000
20 17 5 4 3 2 6 2000
20 17 5 4 3 3 7 2000
20 17 5 4 3 4 8 2000
20 17 4 3 2 1 2 2000
20 17 4 3 2 1 3 2000
20 17 4 3 2 1 4 2000
20 17 4 3 2 5 6 2000
20 17 4 3 2 5 7 2000
20 17 4 3 2 5 8 2000
20 17 4 3 2 1 5 2000
20 17 4 3 2 2 6 2000
20 17 4 3 2 3 7 2000
20 17 4 3 2 4 8 2000
20 17 3 2 1 1 2 2000
20 17 3 2 1 1 3 2000
20 17 3 2 1 1 4 2000
20 17 3 2 1 5 6 2000
20 17 3 2 1 5 7 2000
20 17 3 2 1 5 8 2000
20 17 3 2 1 1 5 2000
20 17 3 2 1 2 6 2000
20 17 3 2 1 3 7 2000
20 17 3 2 1 4 8 2000
20 18 6 5 4 1 2 2000
20 18 6 5 4 1 3 2000
20 18 6 5 4 1 4 2000
20 18 6 5 4 5 6 2000
20 18 6 5 4 5 7 2000
20 18 6 5 4 5 8 2000
20 18 6 5 4 1 5 2000
20 18 6 5 4 2 6 2000
20 18 6 5 4 3 7 2000
20 18 6 5 4 4 8 2000
20 18 5 4 3 1 2 2000
20 18 5 4 3 1 3 2000
20 18 5 4 3 1 4 2000
20 18 5 4 3 5 6 2000
20 18 5 4 3 5 7 2000
20 18 5 4 3 5 8 2000
20 18 5 4 3 1 5 2000
20 18 5 4 3 2 6 2000
20 18 5 4 3 3 7 2000
20 18 5 4 3 4 8 2000
20 18 4 3 2 1 2 2000
20 18 4 3 2 1 3 2000
20 18 4 3 2 1 4 2000
20 18 4 3 2 5 6 2000
20 18 4 3 2 5 7 2000
20 18 4 3 2 5 8 2000
20 18 4 3 2 1 5 2000
20 18 4 3 2 2 6 2000
20 18 4 3 2 3 7 2000
20 18 4 3 2 4 8 2000
20 18 3 2 1 1 2 2000
20 18 3 2 1 1 3 2000
20 18 3 2 1 1 4 2000
20 18 3 2 1 5 6 2000
20 18 3 2 1 5 7 2000
20 18 3 2 1 5 8 2000
20 18 3 2 1 1 5 2000
20 18 3 2 1 2 6 2000
20 18 3 2 1 3 7 2000
20 18 3 2 1 4 8 2000
20 19 6 5 4 1 2 2000
20 19 6 5 4 1 3 2000
20 19 6 5 4 1 4 2000
20 19 6 5 4 5 6 2000
20 19 6 5 4 5 7 2000
20 19 6 5 4 5 8 2000
20 19 6 5 4 1 5 2000
20 19 6 5 4 2 6 2000
20 19 6 5 4 3 7 2000
20 19 6 5 4 4 8 2000
20 19 5 4 3 1 2 2000
20 19 5 4 3 1 3 2000
20 19 5 4 3 1 4 2000
20 19 5 4 3 5 6 2000
20 19 5 4 3 5 7 2000
20 19 5 4 3 5 8 2000
20 19 5 4 3 1 5 2000
20 19 5 4 3 2 6 2000
20 19 5 4 3 3 7 2000
20 19 5 4 3 4 8 2000
20 19 4 3 2 1 2 2000
20 19 4 3 2 1 3 2000
20 19 4 3 2 1 4 2000
20 19 4 3 2 5 6 2000
20 19 4 3 2 5 7 2000
20 19 4 3 2 5 8 2000
20 19 4 3 2 1 5 2000
20 19 4 3 2 2 6 2000
20 19 4 3 2 3 7 2000
20 19 4 3 2 4 8 2000
20 19 3 2 1 1 2 2000
20 19 3 2 1 1 3 2000
20 19 3 2 1 1 4 2000
20 19 3 2 1 5 6 2000
20 19 3 2 1 5 7 2000
20 19 3 2 1 5 8 2000
20 19 3 2 1 1 5 2000
20 19 3 2 1 2 6 2000
20 19 3 2 1 3 7 2000
20 19 3 2 1 4 8 2000
20 20 6 5 4 1 2 2000
20 20 6 5 4 1 3 2000
20 20 6 5 4 1 4 2000
20 20 6 5 4 5 6 2000
20 20 6 5 4 5 7 2000
20 20 6 5 4 5 8 2000
20 20 6 5 4 1 5 2000
20 20 6 5 4 2 6 2000
20 20 6 5 4 3 7 2000
20 20 6 5 4 4 8 2000
20 20 5 4 3 1 2 2000
20 20 5 4 3 1 3 2000
20 20 5 4 3 1 4 2000
20 20 5 4 3 5 6 2000
20 20 5 4 3 5 7 2000
20 20 5 4 3 5 8 2000
20 20 5 4 3 1 5 2000
20 20 5 4 3 2 6 2000
20 20 5 4 3 3 7 2000
20 20 5 4 3 4 8 2000
20 20 4 3 2 1 2 2000
20 20 4 3 2 1 3 2000
20 20 4 3 2 1 4 2000
20 20 4 3 2 5 6 2000
20 20 4 3 2 5 7 2000
20 20 4 3 2 5 8 2000
20 20 4 3 2 1 5 2000
20 20 4 3 2 2 6 2000
20 20 4 3 2 3 7 2000
20 20 4 3 2 4 8 2000
20 20 3 2 1 1 2 2000
20 20 3 2 1 1 3 2000
20 20 3 2 1 1 4 2000
20 20 3 2 1 5 6 2000
20 20 3 2 1 5 7 2000
20 20 3 2 1 5 8 2000
20 20 3 2 1 1 5 2000
20 20 3 2 1 2 6 2000
20 20 3 2 1 3 7 2000
20 20 3 2 1 4 8 2000
50 4 6 5 4 1 2 2000
50 4 6 5 4 1 3 2000
50 4 6 5 4 1 4 2000
50 4 6 5 4 5 6 2000
50 4 6 5 4 5 7 2000
50 4 6 5 4 5 8 2000
50 4 6 5 4 1 5 2000
50 4 6 5 4 2 6 2000
50 4 6 5 4 3 7 2000
50 4 6 5 4 4 8 2000
50 4 5 4 3 1 2 2000
50 4 5 4 3 1 3 2000
50 4 5 4 3 1 4 2000
50 4 5 4 3 5 6 2000
50 4 5 4 3 5 7 2000
50 4 5 4 3 5 8 2000
50 4 5 4 3 1 5 2000
50 4 5 4 3 2 6 2000
50 4 5 4 3 3 7 2000
50 4 5 4 3 4 8 2000
50 4 4 3 2 1 2 2000
50 4 4 3 2 1 3 2000
50 4 4 3 2 1 4 2000
50 4 4 3 2 5 6 2000
50 4 4 3 2 5 7 2000
50 4 4 3 2 5 8 2000
50 4 4 3 2 1 5 2000
50 4 4 3 2 2 6 2000
50 4 4 3 2 3 7 2000
50 4 4 3 2 4 8 2000
50 4 3 2 1 1 2 2000
50 4 3 2 1 1 3 2000
50 4 3 2 1 1 4 2000
50 4 3 2 1 5 6 2000
50 4 3 2 1 5 7 2000
50 4 3 2 1 5 8 2000
50 4 3 2 1 1 5 2000
50 4 3 2 1 2 6 2000
50 4 3 2 1 3 7 2000
50 4 3 2 1 4 8 2000
50 5 6 5 4 1 2 2000
50 5 6 5 4 1 3 2000
50 5 6 5 4 1 4 2000
50 5 6 5 4 5 6 2000
50 5 6 5 4 5 7 2000
50 5 6 5 4 5 8 2000
50 5 6 5 4 1 5 2000
50 5 6 5 4 2 6 2000
50 5 6 5 4 3 7 2000
50 5 6 5 4 4 8 2000
50 5 5 4 3 1 2 2000
50 5 5 4 3 1 3 2000
50 5 5 4 3 1 4 2000
50 5 5 4 3 5 6 2000
50 5 5 4 3 5 7 2000
50 5 5 4 3 5 8 2000
50 5 5 4 3 1 5 2000
50 5 5 4 3 2 6 2000
50 5 5 4 3 3 7 2000
50 5 5 4 3 4 8 2000
50 5 4 3 2 1 2 2000
50 5 4 3 2 1 3 2000
50 5 4 3 2 1 4 2000
50 5 4 3 2 5 6 2000
50 5 4 3 2 5 7 2000
50 5 4 3 2 5 8 2000
50 5 4 3 2 1 5 2000
50 5 4 3 2 2 6 2000
50 5 4 3 2 3 7 2000
50 5 4 3 2 4 8 2000
50 5 3 2 1 1 2 2000
50 5 3 2 1 1 3 2000
50 5 3 2 1 1 4 2000
50 5 3 2 1 5 6 2000
50 5 3 2 1 5 7 2000
50 5 3 2 1 5 8 2000
50 5 3 2 1 1 5 2000
50 5 3 2 1 2 6 2000
50 5 3 2 1 3 7 2000
50 5 3 2 1 4 8 2000
50 6 6 5 4 1 2 2000
50 6 6 5 4 1 3 2000
50 6 6 5 4 1 4 2000
50 6 6 5 4 5 6 2000
50 6 6 5 4 5 7 2000
50 6 6 5 4 5 8 2000
50 6 6 5 4 1 5 2000
50 6 6 5 4 2 6 2000
50 6 6 5 4 3 7 2000
50 6 6 5 4 4 8 2000
50 6 5 4 3 1 2 2000
50 6 5 4 3 1 3 2000
50 6 5 4 3 1 4 2000
50 6 5 4 3 5 6 2000
50 6 5 4 3 5 7 2000
50 6 5 4 3 5 8 2000
50 6 5 4 3 1 5 2000
50 6 5 4 3 2 6 2000
50 6 5 4 3 3 7 2000
50 6 5 4 3 4 8 2000
50 6 4 3 2 1 2 2000
50 6 4 3 2 1 3 2000
50 6 4 3 2 1 4 2000
50 6 4 3 2 5 6 2000
50 6 4 3 2 5 7 2000
50 6 4 3 2 5 8 2000
50 6 4 3 2 1 5 2000
50 6 4 3 2 2 6 2000
50 6 4 3 2 3 7 2000
50 6 4 3 2 4 8 2000
50 6 3 2 1 1 2 2000
50 6 3 2 1 1 3 2000
50 6 3 2 1 1 4 2000
50 6 3 2 1 5 6 2000
50 6 3 2 1 5 7 2000
50 6 3 2 1 5 8 2000
50 6 3 2 1 1 5 2000
50 6 3 2 1 2 6 2000
50 6 3 2 1 3 7 2000
50 6 3 2 1 4 8 2000
50 7 6 5 4 1 2 2000
50 7 6 5 4 1 3 2000
50 7 6 5 4 1 4 2000
50 7 6 5 4 5 6 2000
50 7 6 5 4 5 7 2000
50 7 6 5 4 5 8 2000
50 7 6 5 4 1 5 2000
50 7 6 5 4 2 6 2000
50 7 6 5 4 3 7 2000
50 7 6 5 4 4 8 2000
50 7 5 4 3 1 2 2000
50 7 5 4 3 1 3 2000
50 7 5 4 3 1 4 2000
50 7 5 4 3 5 6 2000
50 7 5 4 3 5 7 2000
50 7 5 4 3 5 8 2000
50 7 5 4 3 1 5 2000
50 7 5 4 3 2 6 2000
50 7 5 4 3 3 7 2000
50 7 5 4 3 4 8 2000
50 7 4 3 2 1 2 2000
50 7 4 3 2 1 3 2000
50 7 4 3 2 1 4 2000
50 7 4 3 2 5 6 2000
50 7 4 3 2 5 7 2000
50 7 4 3 2 5 8 2000
50 7 4 3 2 1 5 2000
50 7 4 3 2 2 6 2000
50 7 4 3 2 3 7 2000
50 7 4 3 2 4 8 2000
50 7 3 2 1 1 2 2000
50 7 3 2 1 1 3 2000
50 7 3 2 1 1 4 2000
50 7 3 2 1 5 6 2000
50 7 3 2 1 5 7 2000
50 7 3 2 1 5 8 2000
50 7 3 2 1 1 5 2000
50 7 3 2 1 2 6 2000
50 7 3 2 1 3 7 2000
50 7 3 2 1 4 8 2000
50 8 6 5 4 1 2 2000
50 8 6 5 4 1 3 2000
50 8 6 5 4 1 4 2000
50 8 6 5 4 5 6 2000
50 8 6 5 4 5 7 2000
50 8 6 5 4 5 8 2000
50 8 6 5 4 1 5 2000
50 8 6 5 4 2 6 2000
50 8 6 5 4 3 7 2000
50 8 6 5 4 4 8 2000
50 8 5 4 3 1 2 2000
50 8 5 4 3 1 3 2000
50 8 5 4 3 1 4 2000
50 8 5 4 3 5 6 2000
50 8 5 4 3 5 7 2000
50 8 5 4 3 5 8 2000
50 8 5 4 3 1 5 2000
50 8 5 4 3 2 6 2000
50 8 5 4 3 3 7 2000
50 8 5 4 3 4 8 2000
50 8 4 3 2 1 2 2000
50 8 4 3 2 1 3 2000
50 8 4 3 2 1 4 2000
50 8 4 3 2 5 6 2000
50 8 4 3 2 5 7 2000
50 8 4 3 2 5 8 2000
50 8 4 3 2 1 5 2000
50 8 4 3 2 2 6 2000
50 8 4 3 2 3 7 2000
50 8 4 3 2 4 8 2000
50 8 3 2 1 1 2 2000
50 8 3 2 1 1 3 2000
50 8 3 2 1 1 4 2000
50 8 3 2 1 5 6 2000
50 8 3 2 1 5 7 2000
50 8 3 2 1 5 8 2000
50 8 3 2 1 1 5 2000
50 8 3 2 1 2 6 2000
50 8 3 2 1 3 7 2000
50 8 3 2 1 4 8 2000
50 9 6 5 4 1 2 2000
50 9 6 5 4 1 3 2000
50 9 6 5 4 1 4 2000
50 9 6 5 4 5 6 2000
50 9 6 5 4 5 7 2000
50 9 6 5 4 5 8 2000
50 9 6 5 4 1 5 2000
50 9 6 5 4 2 6 2000
50 9 6 5 4 3 7 2000
50 9 6 5 4 4 8 2000
50 9 5 4 3 1 2 2000
50 9 5 4 3 1 3 2000
50 9 5 4 3 1 4 2000
50 9 5 4 3 5 6 2000
50 9 5 4 3 5 7 2000
50 9 5 4 3 5 8 2000
50 9 5 4 3 1 5 2000
50 9 5 4 3 2 6 2000
50 9 5 4 3 3 7 2000
50 9 5 4 3 4 8 2000
50 9 4 3 2 1 2 2000
50 9 4 3 2 1 3 2000
50 9 4 3 2 1 4 2000
50 9 4 3 2 5 6 2000
50 9 4 3 2 5 7 2000
50 9 4 3 2 5 8 2000
50 9 4 3 2 1 5 2000
50 9 4 3 2 2 6 2000
50 9 4 3 2 3 7 2000
50 9 4 3 2 4 8 2000
50 9 3 2 1 1 2 2000
50 9 3 2 1 1 3 2000
50 9 3 2 1 1 4 2000
50 9 3 2 1 5 6 2000
50 9 3 2 1 5 7 2000
50 9 3 2 1 5 8 2000
50 9 3 2 1 1 5 2000
50 9 3 2 1 2 6 2000
50 9 3 2 1 3 7 2000
50 9 3 2 1 4 8 2000
50 10 6 5 4 1 2 2000
50 10 6 5 4 1 3 2000
50 10 6 5 4 1 4 2000
50 10 6 5 4 5 6 2000
50 10 6 5 4 5 7 2000
50 10 6 5 4 5 8 2000
50 10 6 5 4 1 5 2000
50 10 6 5 4 2 6 2000
50 10 6 5 4 3 7 2000
50 10 6 5 4 4 8 2000
50 10 5 4 3 1 2 2000
50 10 5 4 3 1 3 2000
50 10 5 4 3 1 4 2000
50 10 5 4 3 5 6 2000
50 10 5 4 3 5 7 2000
50 10 5 4 3 5 8 2000
50 10 5 4 3 1 5 2000
50 10 5 4 3 2 6 2000
50 10 5 4 3 3 7 2000
50 10 5 4 3 4 8 2000
50 10 4 3 2 1 2 2000
50 10 4 3 2 1 3 2000
50 10 4 3 2 1 4 2000
50 10 4 3 2 5 6 2000
50 10 4 3 2 5 7 2000
50 10 4 3 2 5 8 2000
50 10 4 3 2 1 5 2000
50 10 4 3 2 2 6 2000
50 10 4 3 2 3 7 2000
50 10 4 3 2 4 8 2000
50 10 3 2 1 1 2 2000
50 10 3 2 1 1 3 2000
50 10 3 2 1 1 4 2000
50 10 3 2 1 5 6 2000
50 10 3 2 1 5 7 2000
50 10 3 2 1 5 8 2000
50 10 3 2 1 1 5 2000
50 10 3 2 1 2 6 2000
50 10 3 2 1 3 7 2000
50 10 3 2 1 4 8 2000
50 11 6 5 4 1 2 2000
50 11 6 5 4 1 3 2000
50 11 6 5 4 1 4 2000
50 11 6 5 4 5 6 2000
50 11 6 5 4 5 7 2000
50 11 6 5 4 5 8 2000
50 11 6 5 4 1 5 2000
50 11 6 5 4 2 6 2000
50 11 6 5 4 3 7 2000
50 11 6 5 4 4 8 2000
50 11 5 4 3 1 2 2000
50 11 5 4 3 1 3 2000
50 11 5 4 3 1 4 2000
50 11 5 4 3 5 6 2000
50 11 5 4 3 5 7 2000
50 11 5 4 3 5 8 2000
50 11 5 4 3 1 5 2000
50 11 5 4 3 2 6 2000
50 11 5 4 3 3 7 2000
50 11 5 4 3 4 8 2000
50 11 4 3 2 1 2 2000
50 11 4 3 2 1 3 2000
50 11 4 3 2 1 4 2000
50 11 4 3 2 5 6 2000
50 11 4 3 2 5 7 2000
50 11 4 3 2 5 8 2000
50 11 4 3 2 1 5 2000
50 11 4 3 2 2 6 2000
50 11 4 3 2 3 7 2000
50 11 4 3 2 4 8 2000
50 11 3 2 1 1 2 2000
50 11 3 2 1 1 3 2000
50 11 3 2 1 1 4 2000
50 11 3 2 1 5 6 2000
50 11 3 2 1 5 7 2000
50 11 3 2 1 5 8 2000
50 11 3 2 1 1 5 2000
50 11 3 2 1 2 6 2000
50 11 3 2 1 3 7 2000
50 11 3 2 1 4 8 2000
50 12 6 5 4 1 2 2000
50 12 6 5 4 1 3 2000
50 12 6 5 4 1 4 2000
50 12 6 5 4 5 6 2000
50 12 6 5 4 5 7 2000
50 12 6 5 4 5 8 2000
50 12 6 5 4 1 5 2000
50 12 6 5 4 2 6 2000
50 12 6 5 4 3 7 2000
50 12 6 5 4 4 8 2000
50 12 5 4 3 1 2 2000
50 12 5 4 3 1 3 2000
50 12 5 4 3 1 4 2000
50 12 5 4 3 5 6 2000
50 12 5 4 3 5 7 2000
50 12 5 4 3 5 8 2000
50 12 5 4 3 1 5 2000
50 12 5 4 3 2 6 2000
50 12 5 4 3 3 7 2000
50 12 5 4 3 4 8 2000
50 12 4 3 2 1 2 2000
50 12 4 3 2 1 3 2000
50 12 4 3 2 1 4 2000
50 12 4 3 2 5 6 2000
50 12 4 3 2 5 7 2000
50 12 4 3 2 5 8 2000
50 12 4 3 2 1 5 2000
50 12 4 3 2 2 6 2000
50 12 4 3 2 3 7 2000
50 12 4 3 2 4 8 2000
50 12 3 2 1 1 2 2000
50 12 3 2 1 1 3 2000
50 12 3 2 1 1 4 2000
50 12 3 2 1 5 6 2000
50 12 3 2 1 5 7 2000
50 12 3 2 1 5 8 2000
50 12 3 2 1 1 5 2000
50 12 3 2 1 2 6 2000
50 12 3 2 1 3 7 2000
50 12 3 2 1 4 8 2000
50 13 6 5 4 1 2 2000
50 13 6 5 4 1 3 2000
50 13 6 5 4 1 4 2000
50 13 6 5 4 5 6 2000
50 13 6 5 4 5 7 2000
50 13 6 5 4 5 8 2000
50 13 6 5 4 1 5 2000
50 13 6 5 4 2 6 2000
50 13 6 5 4 3 7 2000
50 13 6 5 4 4 8 2000
50 13 5 4 3 1 2 2000
50 13 5 4 3 1 3 2000
50 13 5 4 3 1 4 2000
50 13 5 4 3 5 6 2000
50 13 5 4 3 5 7 2000
50 13 5 4 3 5 8 2000
50 13 5 4 3 1 5 2000
50 13 5 4 3 2 6 2000
50 13 5 4 3 3 7 2000
50 13 5 4 3 4 8 2000
50 13 4 3 2 1 2 2000
50 13 4 3 2 1 3 2000
50 13 4 3 2 1 4 2000
50 13 4 3 2 5 6 2000
50 13 4 3 2 5 7 2000
50 13 4 3 2 5 8 2000
50 13 4 3 2 1 5 2000
50 13 4 3 2 2 6 2000
50 13 4 3 2 3 7 2000
50 13 4 3 2 4 8 2000
50 13 3 2 1 1 2 2000
50 13 3 2 1 1 3 2000
50 13 3 2 1 1 4 2000
50 13 3 2 1 5 6 2000
50 13 3 2 1 5 7 2000
50 13 3 2 1 5 8 2000
50 13 3 2 1 1 5 2000
50 13 3 2 1 2 6 2000
50 13 3 2 1 3 7 2000
50 13 3 2 1 4 8 2000
50 14 6 5 4 1 2 2000
50 14 6 5 4 1 3 2000
50 14 6 5 4 1 4 2000
50 14 6 5 4 5 6 2000
50 14 6 5 4 5 7 2000
50 14 6 5 4 5 8 2000
50 14 6 5 4 1 5 2000
50 14 6 5 4 2 6 2000
50 14 6 5 4 3 7 2000
50 14 6 5 4 4 8 2000
50 14 5 4 3 1 2 2000
50 14 5 4 3 1 3 2000
50 14 5 4 3 1 4 2000
50 14 5 4 3 5 6 2000
50 14 5 4 3 5 7 2000
50 14 5 4 3 5 8 2000
50 14 5 4 3 1 5 2000
50 14 5 4 3 2 6 2000
50 14 5 4 3 3 7 2000
50 14 5 4 3 4 8 2000
50 14 4 3 2 1 2 2000
50 14 4 3 2 1 3 2000
50 14 4 3 2 1 4 2000
50 14 4 3 2 5 6 2000
50 14 4 3 2 5 7 2000
50 14 4 3 2 5 8 2000
50 14 4 3 2 1 5 2000
50 14 4 3 2 2 6 2000
50 14 4 3 2 3 7 2000
50 14 4 3 2 4 8 2000
50 14 3 2 1 1 2 2000
50 14 3 2 1 1 3 2000
50 14 3 2 1 1 4 2000
50 14 3 2 1 5 6 2000
50 14 3 2 1 5 7 2000
50 14 3 2 1 5 8 2000
50 14 3 2 1 1 5 2000
50 14 3 2 1 2 6 2000
50 14 3 2 1 3 7 2000
50 14 3 2 1 4 8 2000
50 15 6 5 4 1 2 2000
50 15 6 5 4 1 3 2000
50 15 6 5 4 1 4 2000
50 15 6 5 4 5 6 2000
50 15 6 5 4 5 7 2000
50 15 6 5 4 5 8 2000
50 15 6 5 4 1 5 2000
50 15 6 5 4 2 6 2000
50 15 6 5 4 3 7 2000
50 15 6 5 4 4 8 2000
50 15 5 4 3 1 2 2000
50 15 5 4 3 1 3 2000
50 15 5 4 3 1 4 2000
50 15 5 4 3 5 6 2000
50 15 5 4 3 5 7 2000
50 15 5 4 3 5 8 2000
50 15 5 4 3 1 5 2000
50 15 5 4 3 2 6 2000
50 15 5 4 3 3 7 2000
50 15 5 4 3 4 8 2000
50 15 4 3 2 1 2 2000
50 15 4 3 2 1 3 2000
50 15 4 3 2 1 4 2000
50 15 4 3 2 5 6 2000
50 15 4 3 2 5 7 2000
50 15 4 3 2 5 8 2000
50 15 4 3 2 1 5 2000
50 15 4 3 2 2 6 2000
50 15 4 3 2 3 7 2000
50 15 4 3 2 4 8 2000
50 15 3 2 1 1 2 2000
50 15 3 2 1 1 3 2000
50 15 3 2 1 1 4 2000
50 15 3 2 1 5 6 2000
50 15 3 2 1 5 7 2000
50 15 3 2 1 5 8 2000
50 15 3 2 1 1 5 2000
50 15 3 2 1 2 6 2000
50 15 3 2 1 3 7 2000
50 15 3 2 1 4 8 2000
50 16 6 5 4 1 2 2000
50 16 6 5 4 1 3 2000
50 16 6 5 4 1 4 2000
50 16 6 5 4 5 6 2000
50 16 6 5 4 5 7 2000
50 16 6 5 4 5 8 2000
50 16 6 5 4 1 5 2000
50 16 6 5 4 2 6 2000
50 16 6 5 4 3 7 2000
50 16 6 5 4 4 8 2000
50 16 5 4 3 1 2 2000
50 16 5 4 3 1 3 2000
50 16 5 4 3 1 4 2000
50 16 5 4 3 5 6 2000
50 16 5 4 3 5 7 2000
50 16 5 4 3 5 8 2000
50 16 5 4 3 1 5 2000
50 16 5 4 3 2 6 2000
50 16 5 4 3 3 7 2000
50 16 5 4 3 4 8 2000
50 16 4 3 2 1 2 2000
50 16 4 3 2 1 3 2000
50 16 4 3 2 1 4 2000
50 16 4 3 2 5 6 2000
50 16 4 3 2 5 7 2000
50 16 4 3 2 5 8 2000
50 16 4 3 2 1 5 2000
50 16 4 3 2 2 6 2000
50 16 4 3 2 3 7 2000
50 16 4 3 2 4 8 2000
50 16 3 2 1 1 2 2000
50 16 3 2 1 1 3 2000
50 16 3 2 1 1 4 2000
50 16 3 2 1 5 6 2000
50 16 3 2 1 5 7 2000
50 16 3 2 1 5 8 2000
50 16 3 2 1 1 5 2000
50 16 3 2 1 2 6 2000
50 16 3 2 1 3 7 2000
50 16 3 2 1 4 8 2000
50 17 6 5 4 1 2 2000
50 17 6 5 4 1 3 2000
50 17 6 5 4 1 4 2000
50 17 6 5 4 5 6 2000
50 17 6 5 4 5 7 2000
50 17 6 5 4 5 8 2000
50 17 6 5 4 1 5 2000
50 17 6 5 4 2 6 2000
50 17 6 5 4 3 7 2000
50 17 6 5 4 4 8 2000
50 17 5 4 3 1 2 2000
50 17 5 4 3 1 3 2000
50 17 5 4 3 1 4 2000
50 17 5 4 3 5 6 2000
50 17 5 4 3 5 7 2000
50 17 5 4 3 5 8 2000
50 17 5 4 3 1 5 2000
50 17 5 4 3 2 6 2000
50 17 5 4 3 3 7 2000
50 17 5 4 3 4 8 2000
50 17 4 3 2 1 2 2000
50 17 4 3 2 1 3 2000
50 17 4 3 2 1 4 2000
50 17 4 3 2 5 6 2000
50 17 4 3 2 5 7 2000
50 17 4 3 2 5 8 2000
50 17 4 3 2 1 5 2000
50 17 4 3 2 2 6 2000
50 17 4 3 2 3 7 2000
50 17 4 3 2 4 8 2000
50 17 3 2 1 1 2 2000
50 17 3 2 1 1 3 2000
50 17 3 2 1 1 4 2000
50 17 3 2 1 5 6 2000
50 17 3 2 1 5 7 2000
50 17 3 2 1 5 8 2000
50 17 3 2 1 1 5 2000
50 17 3 2 1 2 6 2000
50 17 3 2 1 3 7 2000
50 17 3 2 1 4 8 2000
50 18 6 5 4 1 2 2000
50 18 6 5 4 1 3 2000
50 18 6 5 4 1 4 2000
50 18 6 5 4 5 6 2000
50 18 6 5 4 5 7 2000
50 18 6 5 4 5 8 2000
50 18 6 5 4 1 5 2000
50 18 6 5 4 2 6 2000
50 18 6 5 4 3 7 2000
50 18 6 5 4 4 8 2000
50 18 5 4 3 1 2 2000
50 18 5 4 3 1 3 2000
50 18 5 4 3 1 4 2000
50 18 5 4 3 5 6 2000
50 18 5 4 3 5 7 2000
50 18 5 4 3 5 8 2000
50 18 5 4 3 1 5 2000
50 18 5 4 3 2 6 2000
50 18 5 4 3 3 7 2000
50 18 5 4 3 4 8 2000
50 18 4 3 2 1 2 2000
50 18 4 3 2 1 3 2000
50 18 4 3 2 1 4 2000
50 18 4 3 2 5 6 2000
50 18 4 3 2 5 7 2000
50 18 4 3 2 5 8 2000
50 18 4 3 2 1 5 2000
50 18 4 3 2 2 6 2000
50 18 4 3 2 3 7 2000
50 18 4 3 2 4 8 2000
50 18 3 2 1 1 2 2000
50 18 3 2 1 1 3 2000
50 18 3 2 1 1 4 2000
50 18 3 2 1 5 6 2000
50 18 3 2 1 5 7 2000
50 18 3 2 1 5 8 2000
50 18 3 2 1 1 5 2000
50 18 3 2 1 2 6 2000
50 18 3 2 1 3 7 2000
50 18 3 2 1 4 8 2000
50 19 6 5 4 1 2 2000
50 19 6 5 4 1 3 2000
50 19 6 5 4 1 4 2000
50 19 6 5 4 5 6 2000
50 19 6 5 4 5 7 2000
50 19 6 5 4 5 8 2000
50 19 6 5 4 1 5 2000
50 19 6 5 4 2 6 2000
50 19 6 5 4 3 7 2000
50 19 6 5 4 4 8 2000
50 19 5 4 3 1 2 2000
50 19 5 4 3 1 3 2000
50 19 5 4 3 1 4 2000
50 19 5 4 3 5 6 2000
50 19 5 4 3 5 7 2000
50 19 5 4 3 5 8 2000
50 19 5 4 3 1 5 2000
50 19 5 4 3 2 6 2000
50 19 5 4 3 3 7 2000
50 19 5 4 3 4 8 2000
50 19 4 3 2 1 2 2000
50 19 4 3 2 1 3 2000
50 19 4 3 2 1 4 2000
50 19 4 3 2 5 6 2000
50 19 4 3 2 5 7 2000
50 19 4 3 2 5 8 2000
50 19 4 3 2 1 5 2000
50 19 4 3 2 2 6 2000
50 19 4 3 2 3 7 2000
50 19 4 3 2 4 8 2000
50 19 3 2 1 1 2 2000
50 19 3 2 1 1 3 2000
50 19 3 2 1 1 4 2000
50 19 3 2 1 5 6 2000
50 19 3 2 1 5 7 2000
50 19 3 2 1 5 8 2000
50 19 3 2 1 1 5 2000
50 19 3 2 1 2 6 2000
50 19 3 2 1 3 7 2000
50 19 3 2 1 4 8 2000
50 20 6 5 4 1 2 2000
50 20 6 5 4 1 3 2000
50 20 6 5 4 1 4 2000
50 20 6 5 4 5 6 2000
50 20 6 5 4 5 7 2000
50 20 6 5 4 5 8 2000
50 20 6 5 4 1 5 2000
50 20 6 5 4 2 6 2000
50 20 6 5 4 3 7 2000
50 20 6 5 4 4 8 2000
50 20 5 4 3 1 2 2000
50 20 5 4 3 1 3 2000
50 20 5 4 3 1 4 2000
50 20 5 4 3 5 6 2000
50 20 5 4 3 5 7 2000
50 20 5 4 3 5 8 2000
50 20 5 4 3 1 5 2000
50 20 5 4 3 2 6 2000
50 20 5 4 3 3 7 2000
50 20 5 4 3 4 8 2000
50 20 4 3 2 1 2 2000
50 20 4 3 2 1 3 2000
50 20 4 3 2 1 4 2000
50 20 4 3 2 5 6 2000
50 20 4 3 2 5 7 2000
50 20 4 3 2 5 8 2000
50 20 4 3 2 1 5 2000
50 20 4 3 2 2 6 2000
50 20 4 3 2 3 7 2000
50 20 4 3 2 4 8 2000
50 20 3 2 1 1 2 2000
50 20 3 2 1 1 3 2000
50 20 3 2 1 1 4 2000
50 20 3 2 1 5 6 2000
50 20 3 2 1 5 7 2000
50 20 3 2 1 5 8 2000
50 20 3 2 1 1 5 2000
50 20 3 2 1 2 6 2000
50 20 3 2 1 3 7 2000
50 20 3 2 1 4 8 2000
100 4 6 5 4 1 2 2000
100 4 6 5 4 1 3 2000
100 4 6 5 4 1 4 2000
100 4 6 5 4 5 6 2000
100 4 6 5 4 5 7 2000
100 4 6 5 4 5 8 2000
100 4 6 5 4 1 5 2000
100 4 6 5 4 2 6 2000
100 4 6 5 4 3 7 2000
100 4 6 5 4 4 8 2000
100 4 5 4 3 1 2 2000
100 4 5 4 3 1 3 2000
100 4 5 4 3 1 4 2000
100 4 5 4 3 5 6 2000
100 4 5 4 3 5 7 2000
100 4 5 4 3 5 8 2000
100 4 5 4 3 1 5 2000
100 4 5 4 3 2 6 2000
100 4 5 4 3 3 7 2000
100 4 5 4 3 4 8 2000
100 4 4 3 2 1 2 2000
100 4 4 3 2 1 3 2000
100 4 4 3 2 1 4 2000
100 4 4 3 2 5 6 2000
100 4 4 3 2 5 7 2000
100 4 4 3 2 5 8 2000
100 4 4 3 2 1 5 2000
100 4 4 3 2 2 6 2000
100 4 4 3 2 3 7 2000
100 4 4 3 2 4 8 2000
100 4 3 2 1 1 2 2000
100 4 3 2 1 1 3 2000
100 4 3 2 1 1 4 2000
100 4 3 2 1 5 6 2000
100 4 3 2 1 5 7 2000
100 4 3 2 1 5 8 2000
100 4 3 2 1 1 5 2000
100 4 3 2 1 2 6 2000
100 4 3 2 1 3 7 2000
100 4 3 2 1 4 8 2000
100 5 6 5 4 1 2 2000
100 5 6 5 4 1 3 2000
100 5 6 5 4 1 4 2000
100 5 6 5 4 5 6 2000
100 5 6 5 4 5 7 2000
100 5 6 5 4 5 8 2000
100 5 6 5 4 1 5 2000
100 5 6 5 4 2 6 2000
100 5 6 5 4 3 7 2000
100 5 6 5 4 4 8 2000
100 5 5 4 3 1 2 2000
100 5 5 4 3 1 3 2000
100 5 5 4 3 1 4 2000
100 5 5 4 3 5 6 2000
100 5 5 4 3 5 7 2000
100 5 5 4 3 5 8 2000
100 5 5 4 3 1 5 2000
100 5 5 4 3 2 6 2000
100 5 5 4 3 3 7 2000
100 5 5 4 3 4 8 2000
100 5 4 3 2 1 2 2000
100 5 4 3 2 1 3 2000
100 5 4 3 2 1 4 2000
100 5 4 3 2 5 6 2000
100 5 4 3 2 5 7 2000
100 5 4 3 2 5 8 2000
100 5 4 3 2 1 5 2000
100 5 4 3 2 2 6 2000
100 5 4 3 2 3 7 2000
100 5 4 3 2 4 8 2000
100 5 3 2 1 1 2 2000
100 5 3 2 1 1 3 2000
100 5 3 2 1 1 4 2000
100 5 3 2 1 5 6 2000
100 5 3 2 1 5 7 2000
100 5 3 2 1 5 8 2000
100 5 3 2 1 1 5 2000
100 5 3 2 1 2 6 2000
100 5 3 2 1 3 7 2000
100 5 3 2 1 4 8 2000
100 6 6 5 4 1 2 2000
100 6 6 5 4 1 3 2000
100 6 6 5 4 1 4 2000
100 6 6 5 4 5 6 2000
100 6 6 5 4 5 7 2000
100 6 6 5 4 5 8 2000
100 6 6 5 4 1 5 2000
100 6 6 5 4 2 6 2000
100 6 6 5 4 3 7 2000
100 6 6 5 4 4 8 2000
100 6 5 4 3 1 2 2000
100 6 5 4 3 1 3 2000
100 6 5 4 3 1 4 2000
100 6 5 4 3 5 6 2000
100 6 5 4 3 5 7 2000
100 6 5 4 3 5 8 2000
100 6 5 4 3 1 5 2000
100 6 5 4 3 2 6 2000
100 6 5 4 3 3 7 2000
100 6 5 4 3 4 8 2000
100 6 4 3 2 1 2 2000
100 6 4 3 2 1 3 2000
100 6 4 3 2 1 4 2000
100 6 4 3 2 5 6 2000
100 6 4 3 2 5 7 2000
100 6 4 3 2 5 8 2000
100 6 4 3 2 1 5 2000
100 6 4 3 2 2 6 2000
100 6 4 3 2 3 7 2000
100 6 4 3 2 4 8 2000
100 6 3 2 1 1 2 2000
100 6 3 2 1 1 3 2000
100 6 3 2 1 1 4 2000
100 6 3 2 1 5 6 2000
100 6 3 2 1 5 7 2000
100 6 3 2 1 5 8 2000
100 6 3 2 1 1 5 2000
100 6 3 2 1 2 6 2000
100 6 3 2 1 3 7 2000
100 6 3 2 1 4 8 2000
100 7 6 5 4 1 2 2000
100 7 6 5 4 1 3 2000
100 7 6 5 4 1 4 2000
100 7 6 5 4 5 6 2000
100 7 6 5 4 5 7 2000
100 7 6 5 4 5 8 2000
100 7 6 5 4 1 5 2000
100 7 6 5 4 2 6 2000
100 7 6 5 4 3 7 2000
100 7 6 5 4 4 8 2000
100 7 5 4 3 1 2 2000
100 7 5 4 3 1 3 2000
100 7 5 4 3 1 4 2000
100 7 5 4 3 5 6 2000
100 7 5 4 3 5 7 2000
100 7 5 4 3 5 8 2000
100 7 5 4 3 1 5 2000
100 7 5 4 3 2 6 2000
100 7 5 4 3 3 7 2000
100 7 5 4 3 4 8 2000
100 7 4 3 2 1 2 2000
100 7 4 3 2 1 3 2000
100 7 4 3 2 1 4 2000
100 7 4 3 2 5 6 2000
100 7 4 3 2 5 7 2000
100 7 4 3 2 5 8 2000
100 7 4 3 2 1 5 2000
100 7 4 3 2 2 6 2000
100 7 4 3 2 3 7 2000
100 7 4 3 2 4 8 2000
100 7 3 2 1 1 2 2000
100 7 3 2 1 1 3 2000
100 7 3 2 1 1 4 2000
100 7 3 2 1 5 6 2000
100 7 3 2 1 5 7 2000
100 7 3 2 1 5 8 2000
100 7 3 2 1 1 5 2000
100 7 3 2 1 2 6 2000
100 7 3 2 1 3 7 2000
100 7 3 2 1 4 8 2000
100 8 6 5 4 1 2 2000
100 8 6 5 4 1 3 2000
100 8 6 5 4 1 4 2000
100 8 6 5 4 5 6 2000
100 8 6 5 4 5 7 2000
100 8 6 5 4 5 8 2000
100 8 6 5 4 1 5 2000
100 8 6 5 4 2 6 2000
100 8 6 5 4 3 7 2000
100 8 6 5 4 4 8 2000
100 8 5 4 3 1 2 2000
100 8 5 4 3 1 3 2000
100 8 5 4 3 1 4 2000
100 8 5 4 3 5 6 2000
100 8 5 4 3 5 7 2000
100 8 5 4 3 5 8 2000
100 8 5 4 3 1 5 2000
100 8 5 4 3 2 6 2000
100 8 5 4 3 3 7 2000
100 8 5 4 3 4 8 2000
100 8 4 3 2 1 2 2000
100 8 4 3 2 1 3 2000
100 8 4 3 2 1 4 2000
100 8 4 3 2 5 6 2000
100 8 4 3 2 5 7 2000
100 8 4 3 2 5 8 2000
100 8 4 3 2 1 5 2000
100 8 4 3 2 2 6 2000
100 8 4 3 2 3 7 2000
100 8 4 3 2 4 8 2000
100 8 3 2 1 1 2 2000
100 8 3 2 1 1 3 2000
100 8 3 2 1 1 4 2000
100 8 3 2 1 5 6 2000
100 8 3 2 1 5 7 2000
100 8 3 2 1 5 8 2000
100 8 3 2 1 1 5 2000
100 8 3 2 1 2 6 2000
100 8 3 2 1 3 7 2000
100 8 3 2 1 4 8 2000
100 9 6 5 4 1 2 2000
100 9 6 5 4 1 3 2000
100 9 6 5 4 1 4 2000
100 9 6 5 4 5 6 2000
100 9 6 5 4 5 7 2000
100 9 6 5 4 5 8 2000
100 9 6 5 4 1 5 2000
100 9 6 5 4 2 6 2000
100 9 6 5 4 3 7 2000
100 9 6 5 4 4 8 2000
100 9 5 4 3 1 2 2000
100 9 5 4 3 1 3 2000
100 9 5 4 3 1 4 2000
100 9 5 4 3 5 6 2000
100 9 5 4 3 5 7 2000
100 9 5 4 3 5 8 2000
100 9 5 4 3 1 5 2000
100 9 5 4 3 2 6 2000
100 9 5 4 3 3 7 2000
100 9 5 4 3 4 8 2000
100 9 4 3 2 1 2 2000
100 9 4 3 2 1 3 2000
100 9 4 3 2 1 4 2000
100 9 4 3 2 5 6 2000
100 9 4 3 2 5 7 2000
100 9 4 3 2 5 8 2000
100 9 4 3 2 1 5 2000
100 9 4 3 2 2 6 2000
100 9 4 3 2 3 7 2000
100 9 4 3 2 4 8 2000
100 9 3 2 1 1 2 2000
100 9 3 2 1 1 3 2000
100 9 3 2 1 1 4 2000
100 9 3 2 1 5 6 2000
100 9 3 2 1 5 7 2000
100 9 3 2 1 5 8 2000
100 9 3 2 1 1 5 2000
100 9 3 2 1 2 6 2000
100 9 3 2 1 3 7 2000
100 9 3 2 1 4 8 2000
100 10 6 5 4 1 2 2000
100 10 6 5 4 1 3 2000
100 10 6 5 4 1 4 2000
100 10 6 5 4 5 6 2000
100 10 6 5 4 5 7 2000
100 10 6 5 4 5 8 2000
100 10 6 5 4 1 5 2000
100 10 6 5 4 2 6 2000
100 10 6 5 4 3 7 2000
100 10 6 5 4 4 8 2000
100 10 5 4 3 1 2 2000
100 10 5 4 3 1 3 2000
100 10 5 4 3 1 4 2000
100 10 5 4 3 5 6 2000
100 10 5 4 3 5 7 2000
100 10 5 4 3 5 8 2000
100 10 5 4 3 1 5 2000
100 10 5 4 3 2 6 2000
100 10 5 4 3 3 7 2000
100 10 5 4 3 4 8 2000
100 10 4 3 2 1 2 2000
100 10 4 3 2 1 3 2000
100 10 4 3 2 1 4 2000
100 10 4 3 2 5 6 2000
100 10 4 3 2 5 7 2000
100 10 4 3 2 5 8 2000
100 10 4 3 2 1 5 2000
100 10 4 3 2 2 6 2000
100 10 4 3 2 3 7 2000
100 10 4 3 2 4 8 2000
100 10 3 2 1 1 2 2000
100 10 3 2 1 1 3 2000
100 10 3 2 1 1 4 2000
100 10 3 2 1 5 6 2000
100 10 3 2 1 5 7 2000
100 10 3 2 1 5 8 2000
100 10 3 2 1 1 5 2000
100 10 3 2 1 2 6 2000
100 10 3 2 1 3 7 2000
100 10 3 2 1 4 8 2000
100 11 6 5 4 1 2 2000
100 11 6 5 4 1 3 2000
100 11 6 5 4 1 4 2000
100 11 6 5 4 5 6 2000
100 11 6 5 4 5 7 2000
100 11 6 5 4 5 8 2000
100 11 6 5 4 1 5 2000
100 11 6 5 4 2 6 2000
100 11 6 5 4 3 7 2000
100 11 6 5 4 4 8 2000
100 11 5 4 3 1 2 2000
100 11 5 4 3 1 3 2000
100 11 5 4 3 1 4 2000
100 11 5 4 3 5 6 2000
100 11 5 4 3 5 7 2000
100 11 5 4 3 5 8 2000
100 11 5 4 3 1 5 2000
100 11 5 4 3 2 6 2000
100 11 5 4 3 3 7 2000
100 11 5 4 3 4 8 2000
100 11 4 3 2 1 2 2000
100 11 4 3 2 1 3 2000
100 11 4 3 2 1 4 2000
100 11 4 3 2 5 6 2000
100 11 4 3 2 5 7 2000
100 11 4 3 2 5 8 2000
100 11 4 3 2 1 5 2000
100 11 4 3 2 2 6 2000
100 11 4 3 2 3 7 2000
100 11 4 3 2 4 8 2000
100 11 3 2 1 1 2 2000
100 11 3 2 1 1 3 2000
100 11 3 2 1 1 4 2000
100 11 3 2 1 5 6 2000
100 11 3 2 1 5 7 2000
100 11 3 2 1 5 8 2000
100 11 3 2 1 1 5 2000
100 11 3 2 1 2 6 2000
100 11 3 2 1 3 7 2000
100 11 3 2 1 4 8 2000
100 12 6 5 4 1 2 2000
100 12 6 5 4 1 3 2000
100 12 6 5 4 1 4 2000
100 12 6 5 4 5 6 2000
100 12 6 5 4 5 7 2000
100 12 6 5 4 5 8 2000
100 12 6 5 4 1 5 2000
100 12 6 5 4 2 6 2000
100 12 6 5 4 3 7 2000
100 12 6 5 4 4 8 2000
100 12 5 4 3 1 2 2000
100 12 5 4 3 1 3 2000
100 12 5 4 3 1 4 2000
100 12 5 4 3 5 6 2000
100 12 5 4 3 5 7 2000
100 12 5 4 3 5 8 2000
100 12 5 4 3 1 5 2000
100 12 5 4 3 2 6 2000
100 12 5 4 3 3 7 2000
100 12 5 4 3 4 8 2000
100 12 4 3 2 1 2 2000
100 12 4 3 2 1 3 2000
100 12 4 3 2 1 4 2000
100 12 4 3 2 5 6 2000
100 12 4 3 2 5 7 2000
100 12 4 3 2 5 8 2000
100 12 4 3 2 1 5 2000
100 12 4 3 2 2 6 2000
100 12 4 3 2 3 7 2000
100 12 4 3 2 4 8 2000
100 12 3 2 1 1 2 2000
100 12 3 2 1 1 3 2000
100 12 3 2 1 1 4 2000
100 12 3 2 1 5 6 2000
100 12 3 2 1 5 7 2000
100 12 3 2 1 5 8 2000
100 12 3 2 1 1 5 2000
100 12 3 2 1 2 6 2000
100 12 3 2 1 3 7 2000
100 12 3 2 1 4 8 2000
100 13 6 5 4 1 2 2000
100 13 6 5 4 1 3 2000
100 13 6 5 4 1 4 2000
100 13 6 5 4 5 6 2000
100 13 6 5 4 5 7 2000
100 13 6 5 4 5 8 2000
100 13 6 5 4 1 5 2000
100 13 6 5 4 2 6 2000
100 13 6 5 4 3 7 2000
100 13 6 5 4 4 8 2000
100 13 5 4 3 1 2 2000
100 13 5 4 3 1 3 2000
100 13 5 4 3 1 4 2000
100 13 5 4 3 5 6 2000
100 13 5 4 3 5 7 2000
100 13 5 4 3 5 8 2000
100 13 5 4 3 1 5 2000
100 13 5 4 3 2 6 2000
100 13 5 4 3 3 7 2000
100 13 5 4 3 4 8 2000
100 13 4 3 2 1 2 2000
100 13 4 3 2 1 3 2000
100 13 4 3 2 1 4 2000
100 13 4 3 2 5 6 2000
100 13 4 3 2 5 7 2000
100 13 4 3 2 5 8 2000
100 13 4 3 2 1 5 2000
100 13 4 3 2 2 6 2000
100 13 4 3 2 3 7 2000
100 13 4 3 2 4 8 2000
100 13 3 2 1 1 2 2000
100 13 3 2 1 1 3 2000
100 13 3 2 1 1 4 2000
100 13 3 2 1 5 6 2000
100 13 3 2 1 5 7 2000
100 13 3 2 1 5 8 2000
100 13 3 2 1 1 5 2000
100 13 3 2 1 2 6 2000
100 13 3 2 1 3 7 2000
100 13 3 2 1 4 8 2000
100 14 6 5 4 1 2 2000
100 14 6 5 4 1 3 2000
100 14 6 5 4 1 4 2000
100 14 6 5 4 5 6 2000
100 14 6 5 4 5 7 2000
100 14 6 5 4 5 8 2000
100 14 6 5 4 1 5 2000
100 14 6 5 4 2 6 2000
100 14 6 5 4 3 7 2000
100 14 6 5 4 4 8 2000
100 14 5 4 3 1 2 2000
100 14 5 4 3 1 3 2000
100 14 5 4 3 1 4 2000
100 14 5 4 3 5 6 2000
100 14 5 4 3 5 7 2000
100 14 5 4 3 5 8 2000
100 14 5 4 3 1 5 2000
100 14 5 4 3 2 6 2000
100 14 5 4 3 3 7 2000
100 14 5 4 3 4 8 2000
100 14 4 3 2 1 2 2000
100 14 4 3 2 1 3 2000
100 14 4 3 2 1 4 2000
100 14 4 3 2 5 6 2000
100 14 4 3 2 5 7 2000
100 14 4 3 2 5 8 2000
100 14 4 3 2 1 5 2000
100 14 4 3 2 2 6 2000
100 14 4 3 2 3 7 2000
100 14 4 3 2 4 8 2000
100 14 3 2 1 1 2 2000
100 14 3 2 1 1 3 2000
100 14 3 2 1 1 4 2000
100 14 3 2 1 5 6 2000
100 14 3 2 1 5 7 2000
100 14 3 2 1 5 8 2000
100 14 3 2 1 1 5 2000
100 14 3 2 1 2 6 2000
100 14 3 2 1 3 7 2000
100 14 3 2 1 4 8 2000
100 15 6 5 4 1 2 2000
100 15 6 5 4 1 3 2000
100 15 6 5 4 1 4 2000
100 15 6 5 4 5 6 2000
100 15 6 5 4 5 7 2000
100 15 6 5 4 5 8 2000
100 15 6 5 4 1 5 2000
100 15 6 5 4 2 6 2000
100 15 6 5 4 3 7 2000
100 15 6 5 4 4 8 2000
100 15 5 4 3 1 2 2000
100 15 5 4 3 1 3 2000
100 15 5 4 3 1 4 2000
100 15 5 4 3 5 6 2000
100 15 5 4 3 5 7 2000
100 15 5 4 3 5 8 2000
100 15 5 4 3 1 5 2000
100 15 5 4 3 2 6 2000
100 15 5 4 3 3 7 2000
100 15 5 4 3 4 8 2000
100 15 4 3 2 1 2 2000
100 15 4 3 2 1 3 2000
100 15 4 3 2 1 4 2000
100 15 4 3 2 5 6 2000
100 15 4 3 2 5 7 2000
100 15 4 3 2 5 8 2000
100 15 4 3 2 1 5 2000
100 15 4 3 2 2 6 2000
100 15 4 3 2 3 7 2000
100 15 4 3 2 4 8 2000
100 15 3 2 1 1 2 2000
100 15 3 2 1 1 3 2000
100 15 3 2 1 1 4 2000
100 15 3 2 1 5 6 2000
100 15 3 2 1 5 7 2000
100 15 3 2 1 5 8 2000
100 15 3 2 1 1 5 2000
100 15 3 2 1 2 6 2000
100 15 3 2 1 3 7 2000
100 15 3 2 1 4 8 2000
100 16 6 5 4 1 2 2000
100 16 6 5 4 1 3 2000
100 16 6 5 4 1 4 2000
100 16 6 5 4 5 6 2000
100 16 6 5 4 5 7 2000
100 16 6 5 4 5 8 2000
100 16 6 5 4 1 5 2000
100 16 6 5 4 2 6 2000
100 16 6 5 4 3 7 2000
100 16 6 5 4 4 8 2000
100 16 5 4 3 1 2 2000
100 16 5 4 3 1 3 2000
100 16 5 4 3 1 4 2000
100 16 5 4 3 5 6 2000
100 16 5 4 3 5 7 2000
100 16 5 4 3 5 8 2000
100 16 5 4 3 1 5 2000
100 16 5 4 3 2 6 2000
100 16 5 4 3 3 7 2000
100 16 5 4 3 4 8 2000
100 16 4 3 2 1 2 2000
100 16 4 3 2 1 3 2000
100 16 4 3 2 1 4 2000
100 16 4 3 2 5 6 2000
100 16 4 3 2 5 7 2000
100 16 4 3 2 5 8 2000
100 16 4 3 2 1 5 2000
100 16 4 3 2 2 6 2000
100 16 4 3 2 3 7 2000
100 16 4 3 2 4 8 2000
100 16 3 2 1 1 2 2000
100 16 3 2 1 1 3 2000
100 16 3 2 1 1 4 2000
100 16 3 2 1 5 6 2000
100 16 3 2 1 5 7 2000
100 16 3 2 1 5 8 2000
100 16 3 2 1 1 5 2000
100 16 3 2 1 2 6 2000
100 16 3 2 1 3 7 2000
100 16 3 2 1 4 8 2000
100 17 6 5 4 1 2 2000
100 17 6 5 4 1 3 2000
100 17 6 5 4 1 4 2000
100 17 6 5 4 5 6 2000
100 17 6 5 4 5 7 2000
100 17 6 5 4 5 8 2000
100 17 6 5 4 1 5 2000
100 17 6 5 4 2 6 2000
100 17 6 5 4 3 7 2000
100 17 6 5 4 4 8 2000
100 17 5 4 3 1 2 2000
100 17 5 4 3 1 3 2000
100 17 5 4 3 1 4 2000
100 17 5 4 3 5 6 2000
100 17 5 4 3 5 7 2000
100 17 5 4 3 5 8 2000
100 17 5 4 3 1 5 2000
100 17 5 4 3 2 6 2000
100 17 5 4 3 3 7 2000
100 17 5 4 3 4 8 2000
100 17 4 3 2 1 2 2000
100 17 4 3 2 1 3 2000
100 17 4 3 2 1 4 2000
100 17 4 3 2 5 6 2000
100 17 4 3 2 5 7 2000
100 17 4 3 2 5 8 2000
100 17 4 3 2 1 5 2000
100 17 4 3 2 2 6 2000
100 17 4 3 2 3 7 2000
100 17 4 3 2 4 8 2000
100 17 3 2 1 1 2 2000
100 17 3 2 1 1 3 2000
100 17 3 2 1 1 4 2000
100 17 3 2 1 5 6 2000
100 17 3 2 1 5 7 2000
100 17 3 2 1 5 8 2000
100 17 3 2 1 1 5 2000
100 17 3 2 1 2 6 2000
100 17 3 2 1 3 7 2000
100 17 3 2 1 4 8 2000
100 18 6 5 4 1 2 2000
100 18 6 5 4 1 3 2000
100 18 6 5 4 1 4 2000
100 18 6 5 4 5 6 2000
100 18 6 5 4 5 7 2000
100 18 6 5 4 5 8 2000
100 18 6 5 4 1 5 2000
100 18 6 5 4 2 6 2000
100 18 6 5 4 3 7 2000
100 18 6 5 4 4 8 2000
100 18 5 4 3 1 2 2000
100 18 5 4 3 1 3 2000
100 18 5 4 3 1 4 2000
100 18 5 4 3 5 6 2000
100 18 5 4 3 5 7 2000
100 18 5 4 3 5 8 2000
100 18 5 4 3 1 5 2000
100 18 5 4 3 2 6 2000
100 18 5 4 3 3 7 2000
100 18 5 4 3 4 8 2000
100 18 4 3 2 1 2 2000
100 18 4 3 2 1 3 2000
100 18 4 3 2 1 4 2000
100 18 4 3 2 5 6 2000
100 18 4 3 2 5 7 2000
100 18 4 3 2 5 8 2000
100 18 4 3 2 1 5 2000
100 18 4 3 2 2 6 2000
100 18 4 3 2 3 7 2000
100 18 4 3 2 4 8 2000
100 18 3 2 1 1 2 2000
100 18 3 2 1 1 3 2000
100 18 3 2 1 1 4 2000
100 18 3 2 1 5 6 2000
100 18 3 2 1 5 7 2000
100 18 3 2 1 5 8 2000
100 18 3 2 1 1 5 2000
100 18 3 2 1 2 6 2000
100 18 3 2 1 3 7 2000
100 18 3 2 1 4 8 2000
100 19 6 5 4 1 2 2000
100 19 6 5 4 1 3 2000
100 19 6 5 4 1 4 2000
100 19 6 5 4 5 6 2000
100 19 6 5 4 5 7 2000
100 19 6 5 4 5 8 2000
100 19 6 5 4 1 5 2000
100 19 6 5 4 2 6 2000
100 19 6 5 4 3 7 2000
100 19 6 5 4 4 8 2000
100 19 5 4 3 1 2 2000
100 19 5 4 3 1 3 2000
100 19 5 4 3 1 4 2000
100 19 5 4 3 5 6 2000
100 19 5 4 3 5 7 2000
100 19 5 4 3 5 8 2000
100 19 5 4 3 1 5 2000
100 19 5 4 3 2 6 2000
100 19 5 4 3 3 7 2000
100 19 5 4 3 4 8 2000
100 19 4 3 2 1 2 2000
100 19 4 3 2 1 3 2000
100 19 4 3 2 1 4 2000
100 19 4 3 2 5 6 2000
100 19 4 3 2 5 7 2000
100 19 4 3 2 5 8 2000
100 19 4 3 2 1 5 2000
100 19 4 3 2 2 6 2000
100 19 4 3 2 3 7 2000
100 19 4 3 2 4 8 2000
100 19 3 2 1 1 2 2000
100 19 3 2 1 1 3 2000
100 19 3 2 1 1 4 2000
100 19 3 2 1 5 6 2000
100 19 3 2 1 5 7 2000
100 19 3 2 1 5 8 2000
100 19 3 2 1 1 5 2000
100 19 3 2 1 2 6 2000
100 19 3 2 1 3 7 2000
100 19 3 2 1 4 8 2000
100 20 6 5 4 1 2 2000
100 20 6 5 4 1 3 2000
100 20 6 5 4 1 4 2000
100 20 6 5 4 5 6 2000
100 20 6 5 4 5 7 2000
100 20 6 5 4 5 8 2000
100 20 6 5 4 1 5 2000
100 20 6 5 4 2 6 2000
100 20 6 5 4 3 7 2000
100 20 6 5 4 4 8 2000
100 20 5 4 3 1 2 2000
100 20 5 4 3 1 3 2000
100 20 5 4 3 1 4 2000
100 20 5 4 3 5 6 2000
100 20 5 4 3 5 7 2000
100 20 5 4 3 5 8 2000
100 20 5 4 3 1 5 2000
100 20 5 4 3 2 6 2000
100 20 5 4 3 3 7 2000
100 20 5 4 3 4 8 2000
100 20 4 3 2 1 2 2000
100 20 4 3 2 1 3 2000
100 20 4 3 2 1 4 2000
100 20 4 3 2 5 6 2000
100 20 4 3 2 5 7 2000
100 20 4 3 2 5 8 2000
100 20 4 3 2 1 5 2000
100 20 4 3 2 2 6 2000
100 20 4 3 2 3 7 2000
100 20 4 3 2 4 8 2000
100 20 3 2 1 1 2 2000
100 20 3 2 1 1 3 2000
100 20 3 2 1 1 4 2000
100 20 3 2 1 5 6 2000
100 20 3 2 1 5 7 2000
100 20 3 2 1 5 8 2000
100 20 3 2 1 1 5 2000
100 20 3 2 1 2 6 2000
100 20 3 2 1 3 7 2000
100 20 3 2 1 4 8 2000
200 4 6 5 4 1 2 2000
200 4 6 5 4 1 3 2000
200 4 6 5 4 1 4 2000
200 4 6 5 4 5 6 2000
200 4 6 5 4 5 7 2000
200 4 6 5 4 5 8 2000
200 4 6 5 4 1 5 2000
200 4 6 5 4 2 6 2000
200 4 6 5 4 3 7 2000
200 4 6 5 4 4 8 2000
200 4 5 4 3 1 2 2000
200 4 5 4 3 1 3 2000
200 4 5 4 3 1 4 2000
200 4 5 4 3 5 6 2000
200 4 5 4 3 5 7 2000
200 4 5 4 3 5 8 2000
200 4 5 4 3 1 5 2000
200 4 5 4 3 2 6 2000
200 4 5 4 3 3 7 2000
200 4 5 4 3 4 8 2000
200 4 4 3 2 1 2 2000
200 4 4 3 2 1 3 2000
200 4 4 3 2 1 4 2000
200 4 4 3 2 5 6 2000
200 4 4 3 2 5 7 2000
200 4 4 3 2 5 8 2000
200 4 4 3 2 1 5 2000
200 4 4 3 2 2 6 2000
200 4 4 3 2 3 7 2000
200 4 4 3 2 4 8 2000
200 4 3 2 1 1 2 2000
200 4 3 2 1 1 3 2000
200 4 3 2 1 1 4 2000
200 4 3 2 1 5 6 2000
200 4 3 2 1 5 7 2000
200 4 3 2 1 5 8 2000
200 4 3 2 1 1 5 2000
200 4 3 2 1 2 6 2000
200 4 3 2 1 3 7 2000
200 4 3 2 1 4 8 2000
200 5 6 5 4 1 2 2000
200 5 6 5 4 1 3 2000
200 5 6 5 4 1 4 2000
200 5 6 5 4 5 6 2000
200 5 6 5 4 5 7 2000
200 5 6 5 4 5 8 2000
200 5 6 5 4 1 5 2000
200 5 6 5 4 2 6 2000
200 5 6 5 4 3 7 2000
200 5 6 5 4 4 8 2000
200 5 5 4 3 1 2 2000
200 5 5 4 3 1 3 2000
200 5 5 4 3 1 4 2000
200 5 5 4 3 5 6 2000
200 5 5 4 3 5 7 2000
200 5 5 4 3 5 8 2000
200 5 5 4 3 1 5 2000
200 5 5 4 3 2 6 2000
200 5 5 4 3 3 7 2000
200 5 5 4 3 4 8 2000
200 5 4 3 2 1 2 2000
200 5 4 3 2 1 3 2000
200 5 4 3 2 1 4 2000
200 5 4 3 2 5 6 2000
200 5 4 3 2 5 7 2000
200 5 4 3 2 5 8 2000
200 5 4 3 2 1 5 2000
200 5 4 3 2 2 6 2000
200 5 4 3 2 3 7 2000
200 5 4 3 2 4 8 2000
200 5 3 2 1 1 2 2000
200 5 3 2 1 1 3 2000
200 5 3 2 1 1 4 2000
200 5 3 2 1 5 6 2000
200 5 3 2 1 5 7 2000
200 5 3 2 1 5 8 2000
200 5 3 2 1 1 5 2000
200 5 3 2 1 2 6 2000
200 5 3 2 1 3 7 2000
200 5 3 2 1 4 8 2000
200 6 6 5 4 1 2 2000
200 6 6 5 4 1 3 2000
200 6 6 5 4 1 4 2000
200 6 6 5 4 5 6 2000
200 6 6 5 4 5 7 2000
200 6 6 5 4 5 8 2000
200 6 6 5 4 1 5 2000
200 6 6 5 4 2 6 2000
200 6 6 5 4 3 7 2000
200 6 6 5 4 4 8 2000
200 6 5 4 3 1 2 2000
200 6 5 4 3 1 3 2000
200 6 5 4 3 1 4 2000
200 6 5 4 3 5 6 2000
200 6 5 4 3 5 7 2000
200 6 5 4 3 5 8 2000
200 6 5 4 3 1 5 2000
200 6 5 4 3 2 6 2000
200 6 5 4 3 3 7 2000
200 6 5 4 3 4 8 2000
200 6 4 3 2 1 2 2000
200 6 4 3 2 1 3 2000
200 6 4 3 2 1 4 2000
200 6 4 3 2 5 6 2000
200 6 4 3 2 5 7 2000
200 6 4 3 2 5 8 2000
200 6 4 3 2 1 5 2000
200 6 4 3 2 2 6 2000
200 6 4 3 2 3 7 2000
200 6 4 3 2 4 8 2000
200 6 3 2 1 1 2 2000
200 6 3 2 1 1 3 2000
200 6 3 2 1 1 4 2000
200 6 3 2 1 5 6 2000
200 6 3 2 1 5 7 2000
200 6 3 2 1 5 8 2000
200 6 3 2 1 1 5 2000
200 6 3 2 1 2 6 2000
200 6 3 2 1 3 7 2000
200 6 3 2 1 4 8 2000
200 7 6 5 4 1 2 2000
200 7 6 5 4 1 3 2000
200 7 6 5 4 1 4 2000
200 7 6 5 4 5 6 2000
200 7 6 5 4 5 7 2000
200 7 6 5 4 5 8 2000
200 7 6 5 4 1 5 2000
200 7 6 5 4 2 6 2000
200 7 6 5 4 3 7 2000
200 7 6 5 4 4 8 2000
200 7 5 4 3 1 2 2000
200 7 5 4 3 1 3 2000
200 7 5 4 3 1 4 2000
200 7 5 4 3 5 6 2000
200 7 5 4 3 5 7 2000
200 7 5 4 3 5 8 2000
200 7 5 4 3 1 5 2000
200 7 5 4 3 2 6 2000
200 7 5 4 3 3 7 2000
200 7 5 4 3 4 8 2000
200 7 4 3 2 1 2 2000
200 7 4 3 2 1 3 2000
200 7 4 3 2 1 4 2000
200 7 4 3 2 5 6 2000
200 7 4 3 2 5 7 2000
200 7 4 3 2 5 8 2000
200 7 4 3 2 1 5 2000
200 7 4 3 2 2 6 2000
200 7 4 3 2 3 7 2000
200 7 4 3 2 4 8 2000
200 7 3 2 1 1 2 2000
200 7 3 2 1 1 3 2000
200 7 3 2 1 1 4 2000
200 7 3 2 1 5 6 2000
200 7 3 2 1 5 7 2000
200 7 3 2 1 5 8 2000
200 7 3 2 1 1 5 2000
200 7 3 2 1 2 6 2000
200 7 3 2 1 3 7 2000
200 7 3 2 1 4 8 2000
200 8 6 5 4 1 2 2000
200 8 6 5 4 1 3 2000
200 8 6 5 4 1 4 2000
200 8 6 5 4 5 6 2000
200 8 6 5 4 5 7 2000
200 8 6 5 4 5 8 2000
200 8 6 5 4 1 5 2000
200 8 6 5 4 2 6 2000
200 8 6 5 4 3 7 2000
200 8 6 5 4 4 8 2000
200 8 5 4 3 1 2 2000
200 8 5 4 3 1 3 2000
200 8 5 4 3 1 4 2000
200 8 5 4 3 5 6 2000
200 8 5 4 3 5 7 2000
200 8 5 4 3 5 8 2000
200 8 5 4 3 1 5 2000
200 8 5 4 3 2 6 2000
200 8 5 4 3 3 7 2000
200 8 5 4 3 4 8 2000
200 8 4 3 2 1 2 2000
200 8 4 3 2 1 3 2000
200 8 4 3 2 1 4 2000
200 8 4 3 2 5 6 2000
200 8 4 3 2 5 7 2000
200 8 4 3 2 5 8 2000
200 8 4 3 2 1 5 2000
200 8 4 3 2 2 6 2000
200 8 4 3 2 3 7 2000
200 8 4 3 2 4 8 2000
200 8 3 2 1 1 2 2000
200 8 3 2 1 1 3 2000
200 8 3 2 1 1 4 2000
200 8 3 2 1 5 6 2000
200 8 3 2 1 5 7 2000
200 8 3 2 1 5 8 2000
200 8 3 2 1 1 5 2000
200 8 3 2 1 2 6 2000
200 8 3 2 1 3 7 2000
200 8 3 2 1 4 8 2000
200 9 6 5 4 1 2 2000
200 9 6 5 4 1 3 2000
200 9 6 5 4 1 4 2000
200 9 6 5 4 5 6 2000
200 9 6 5 4 5 7 2000
200 9 6 5 4 5 8 2000
200 9 6 5 4 1 5 2000
200 9 6 5 4 2 6 2000
200 9 6 5 4 3 7 2000
200 9 6 5 4 4 8 2000
200 9 5 4 3 1 2 2000
200 9 5 4 3 1 3 2000
200 9 5 4 3 1 4 2000
200 9 5 4 3 5 6 2000
200 9 5 4 3 5 7 2000
200 9 5 4 3 5 8 2000
200 9 5 4 3 1 5 2000
200 9 5 4 3 2 6 2000
200 9 5 4 3 3 7 2000
200 9 5 4 3 4 8 2000
200 9 4 3 2 1 2 2000
200 9 4 3 2 1 3 2000
200 9 4 3 2 1 4 2000
200 9 4 3 2 5 6 2000
200 9 4 3 2 5 7 2000
200 9 4 3 2 5 8 2000
200 9 4 3 2 1 5 2000
200 9 4 3 2 2 6 2000
200 9 4 3 2 3 7 2000
200 9 4 3 2 4 8 2000
200 9 3 2 1 1 2 2000
200 9 3 2 1 1 3 2000
200 9 3 2 1 1 4 2000
200 9 3 2 1 5 6 2000
200 9 3 2 1 5 7 2000
200 9 3 2 1 5 8 2000
200 9 3 2 1 1 5 2000
200 9 3 2 1 2 6 2000
200 9 3 2 1 3 7 2000
200 9 3 2 1 4 8 2000
200 10 6 5 4 1 2 2000
200 10 6 5 4 1 3 2000
200 10 6 5 4 1 4 2000
200 10 6 5 4 5 6 2000
200 10 6 5 4 5 7 2000
200 10 6 5 4 5 8 2000
200 10 6 5 4 1 5 2000
200 10 6 5 4 2 6 2000
200 10 6 5 4 3 7 2000
200 10 6 5 4 4 8 2000
200 10 5 4 3 1 2 2000
200 10 5 4 3 1 3 2000
200 10 5 4 3 1 4 2000
200 10 5 4 3 5 6 2000
200 10 5 4 3 5 7 2000
200 10 5 4 3 5 8 2000
200 10 5 4 3 1 5 2000
200 10 5 4 3 2 6 2000
200 10 5 4 3 3 7 2000
200 10 5 4 3 4 8 2000
200 10 4 3 2 1 2 2000
200 10 4 3 2 1 3 2000
200 10 4 3 2 1 4 2000
200 10 4 3 2 5 6 2000
200 10 4 3 2 5 7 2000
200 10 4 3 2 5 8 2000
200 10 4 3 2 1 5 2000
200 10 4 3 2 2 6 2000
200 10 4 3 2 3 7 2000
200 10 4 3 2 4 8 2000
200 10 3 2 1 1 2 2000
200 10 3 2 1 1 3 2000
200 10 3 2 1 1 4 2000
200 10 3 2 1 5 6 2000
200 10 3 2 1 5 7 2000
200 10 3 2 1 5 8 2000
200 10 3 2 1 1 5 2000
200 10 3 2 1 2 6 2000
200 10 3 2 1 3 7 2000
200 10 3 2 1 4 8 2000
200 11 6 5 4 1 2 2000
200 11 6 5 4 1 3 2000
200 11 6 5 4 1 4 2000
200 11 6 5 4 5 6 2000
200 11 6 5 4 5 7 2000
200 11 6 5 4 5 8 2000
200 11 6 5 4 1 5 2000
200 11 6 5 4 2 6 2000
200 11 6 5 4 3 7 2000
200 11 6 5 4 4 8 2000
200 11 5 4 3 1 2 2000
200 11 5 4 3 1 3 2000
200 11 5 4 3 1 4 2000
200 11 5 4 3 5 6 2000
200 11 5 4 3 5 7 2000
200 11 5 4 3 5 8 2000
200 11 5 4 3 1 5 2000
200 11 5 4 3 2 6 2000
200 11 5 4 3 3 7 2000
200 11 5 4 3 4 8 2000
200 11 4 3 2 1 2 2000
200 11 4 3 2 1 3 2000
200 11 4 3 2 1 4 2000
200 11 4 3 2 5 6 2000
200 11 4 3 2 5 7 2000
200 11 4 3 2 5 8 2000
200 11 4 3 2 1 5 2000
200 11 4 3 2 2 6 2000
200 11 4 3 2 3 7 2000
200 11 4 3 2 4 8 2000
200 11 3 2 1 1 2 2000
200 11 3 2 1 1 3 2000
200 11 3 2 1 1 4 2000
200 11 3 2 1 5 6 2000
200 11 3 2 1 5 7 2000
200 11 3 2 1 5 8 2000
200 11 3 2 1 1 5 2000
200 11 3 2 1 2 6 2000
200 11 3 2 1 3 7 2000
200 11 3 2 1 4 8 2000
200 12 6 5 4 1 2 2000
200 12 6 5 4 1 3 2000
200 12 6 5 4 1 4 2000
200 12 6 5 4 5 6 2000
200 12 6 5 4 5 7 2000
200 12 6 5 4 5 8 2000
200 12 6 5 4 1 5 2000
200 12 6 5 4 2 6 2000
200 12 6 5 4 3 7 2000
200 12 6 5 4 4 8 2000
200 12 5 4 3 1 2 2000
200 12 5 4 3 1 3 2000
200 12 5 4 3 1 4 2000
200 12 5 4 3 5 6 2000
200 12 5 4 3 5 7 2000
200 12 5 4 3 5 8 2000
200 12 5 4 3 1 5 2000
200 12 5 4 3 2 6 2000
200 12 5 4 3 3 7 2000
200 12 5 4 3 4 8 2000
200 12 4 3 2 1 2 2000
200 12 4 3 2 1 3 2000
200 12 4 3 2 1 4 2000
200 12 4 3 2 5 6 2000
200 12 4 3 2 5 7 2000
200 12 4 3 2 5 8 2000
200 12 4 3 2 1 5 2000
200 12 4 3 2 2 6 2000
200 12 4 3 2 3 7 2000
200 12 4 3 2 4 8 2000
200 12 3 2 1 1 2 2000
200 12 3 2 1 1 3 2000
200 12 3 2 1 1 4 2000
200 12 3 2 1 5 6 2000
200 12 3 2 1 5 7 2000
200 12 3 2 1 5 8 2000
200 12 3 2 1 1 5 2000
200 12 3 2 1 2 6 2000
200 12 3 2 1 3 7 2000
200 12 3 2 1 4 8 2000
200 13 6 5 4 1 2 2000
200 13 6 5 4 1 3 2000
200 13 6 5 4 1 4 2000
200 13 6 5 4 5 6 2000
200 13 6 5 4 5 7 2000
200 13 6 5 4 5 8 2000
200 13 6 5 4 1 5 2000
200 13 6 5 4 2 6 2000
200 13 6 5 4 3 7 2000
200 13 6 5 4 4 8 2000
200 13 5 4 3 1 2 2000
200 13 5 4 3 1 3 2000
200 13 5 4 3 1 4 2000
200 13 5 4 3 5 6 2000
200 13 5 4 3 5 7 2000
200 13 5 4 3 5 8 2000
200 13 5 4 3 1 5 2000
200 13 5 4 3 2 6 2000
200 13 5 4 3 3 7 2000
200 13 5 4 3 4 8 2000
200 13 4 3 2 1 2 2000
200 13 4 3 2 1 3 2000
200 13 4 3 2 1 4 2000
200 13 4 3 2 5 6 2000
200 13 4 3 2 5 7 2000
200 13 4 3 2 5 8 2000
200 13 4 3 2 1 5 2000
200 13 4 3 2 2 6 2000
200 13 4 3 2 3 7 2000
200 13 4 3 2 4 8 2000
200 13 3 2 1 1 2 2000
200 13 3 2 1 1 3 2000
200 13 3 2 1 1 4 2000
200 13 3 2 1 5 6 2000
200 13 3 2 1 5 7 2000
200 13 3 2 1 5 8 2000
200 13 3 2 1 1 5 2000
200 13 3 2 1 2 6 2000
200 13 3 2 1 3 7 2000
200 13 3 2 1 4 8 2000
200 14 6 5 4 1 2 2000
200 14 6 5 4 1 3 2000
200 14 6 5 4 1 4 2000
200 14 6 5 4 5 6 2000
200 14 6 5 4 5 7 2000
200 14 6 5 4 5 8 2000
200 14 6 5 4 1 5 2000
200 14 6 5 4 2 6 2000
200 14 6 5 4 3 7 2000
200 14 6 5 4 4 8 2000
200 14 5 4 3 1 2 2000
200 14 5 4 3 1 3 2000
200 14 5 4 3 1 4 2000
200 14 5 4 3 5 6 2000
200 14 5 4 3 5 7 2000
200 14 5 4 3 5 8 2000
200 14 5 4 3 1 5 2000
200 14 5 4 3 2 6 2000
200 14 5 4 3 3 7 2000
200 14 5 4 3 4 8 2000
200 14 4 3 2 1 2 2000
200 14 4 3 2 1 3 2000
200 14 4 3 2 1 4 2000
200 14 4 3 2 5 6 2000
200 14 4 3 2 5 7 2000
200 14 4 3 2 5 8 2000
200 14 4 3 2 1 5 2000
200 14 4 3 2 2 6 2000
200 14 4 3 2 3 7 2000
200 14 4 3 2 4 8 2000
200 14 3 2 1 1 2 2000
200 14 3 2 1 1 3 2000
200 14 3 2 1 1 4 2000
200 14 3 2 1 5 6 2000
200 14 3 2 1 5 7 2000
200 14 3 2 1 5 8 2000
200 14 3 2 1 1 5 2000
200 14 3 2 1 2 6 2000
200 14 3 2 1 3 7 2000
200 14 3 2 1 4 8 2000
200 15 6 5 4 1 2 2000
200 15 6 5 4 1 3 2000
200 15 6 5 4 1 4 2000
200 15 6 5 4 5 6 2000
200 15 6 5 4 5 7 2000
200 15 6 5 4 5 8 2000
200 15 6 5 4 1 5 2000
200 15 6 5 4 2 6 2000
200 15 6 5 4 3 7 2000
200 15 6 5 4 4 8 2000
200 15 5 4 3 1 2 2000
200 15 5 4 3 1 3 2000
200 15 5 4 3 1 4 2000
200 15 5 4 3 5 6 2000
200 15 5 4 3 5 7 2000
200 15 5 4 3 5 8 2000
200 15 5 4 3 1 5 2000
200 15 5 4 3 2 6 2000
200 15 5 4 3 3 7 2000
200 15 5 4 3 4 8 2000
200 15 4 3 2 1 2 2000
200 15 4 3 2 1 3 2000
200 15 4 3 2 1 4 2000
200 15 4 3 2 5 6 2000
200 15 4 3 2 5 7 2000
200 15 4 3 2 5 8 2000
200 15 4 3 2 1 5 2000
200 15 4 3 2 2 6 2000
200 15 4 3 2 3 7 2000
200 15 4 3 2 4 8 2000
200 15 3 2 1 1 2 2000
200 15 3 2 1 1 3 2000
200 15 3 2 1 1 4 2000
200 15 3 2 1 5 6 2000
200 15 3 2 1 5 7 2000
200 15 3 2 1 5 8 2000
200 15 3 2 1 1 5 2000
200 15 3 2 1 2 6 2000
200 15 3 2 1 3 7 2000
200 15 3 2 1 4 8 2000
200 16 6 5 4 1 2 2000
200 16 6 5 4 1 3 2000
200 16 6 5 4 1 4 2000
200 16 6 5 4 5 6 2000
200 16 6 5 4 5 7 2000
200 16 6 5 4 5 8 2000
200 16 6 5 4 1 5 2000
200 16 6 5 4 2 6 2000
200 16 6 5 4 3 7 2000
200 16 6 5 4 4 8 2000
200 16 5 4 3 1 2 2000
200 16 5 4 3 1 3 2000
200 16 5 4 3 1 4 2000
200 16 5 4 3 5 6 2000
200 16 5 4 3 5 7 2000
200 16 5 4 3 5 8 2000
200 16 5 4 3 1 5 2000
200 16 5 4 3 2 6 2000
200 16 5 4 3 3 7 2000
200 16 5 4 3 4 8 2000
200 16 4 3 2 1 2 2000
200 16 4 3 2 1 3 2000
200 16 4 3 2 1 4 2000
200 16 4 3 2 5 6 2000
200 16 4 3 2 5 7 2000
200 16 4 3 2 5 8 2000
200 16 4 3 2 1 5 2000
200 16 4 3 2 2 6 2000
200 16 4 3 2 3 7 2000
200 16 4 3 2 4 8 2000
200 16 3 2 1 1 2 2000
200 16 3 2 1 1 3 2000
200 16 3 2 1 1 4 2000
200 16 3 2 1 5 6 2000
200 16 3 2 1 5 7 2000
200 16 3 2 1 5 8 2000
200 16 3 2 1 1 5 2000
200 16 3 2 1 2 6 2000
200 16 3 2 1 3 7 2000
200 16 3 2 1 4 8 2000
200 17 6 5 4 1 2 2000
200 17 6 5 4 1 3 2000
200 17 6 5 4 1 4 2000
200 17 6 5 4 5 6 2000
200 17 6 5 4 5 7 2000
200 17 6 5 4 5 8 2000
200 17 6 5 4 1 5 2000
200 17 6 5 4 2 6 2000
200 17 6 5 4 3 7 2000
200 17 6 5 4 4 8 2000
200 17 5 4 3 1 2 2000
200 17 5 4 3 1 3 2000
200 17 5 4 3 1 4 2000
200 17 5 4 3 5 6 2000
200 17 5 4 3 5 7 2000
200 17 5 4 3 5 8 2000
200 17 5 4 3 1 5 2000
200 17 5 4 3 2 6 2000
200 17 5 4 3 3 7 2000
200 17 5 4 3 4 8 2000
200 17 4 3 2 1 2 2000
200 17 4 3 2 1 3 2000
200 17 4 3 2 1 4 2000
200 17 4 3 2 5 6 2000
200 17 4 3 2 5 7 2000
200 17 4 3 2 5 8 2000
200 17 4 3 2 1 5 2000
200 17 4 3 2 2 6 2000
200 17 4 3 2 3 7 2000
200 17 4 3 2 4 8 2000
200 17 3 2 1 1 2 2000
200 17 3 2 1 1 3 2000
200 17 3 2 1 1 4 2000
200 17 3 2 1 5 6 2000
200 17 3 2 1 5 7 2000
200 17 3 2 1 5 8 2000
200 17 3 2 1 1 5 2000
200 17 3 2 1 2 6 2000
200 17 3 2 1 3 7 2000
200 17 3 2 1 4 8 2000
200 18 6 5 4 1 2 2000
200 18 6 5 4 1 3 2000
200 18 6 5 4 1 4 2000
200 18 6 5 4 5 6 2000
200 18 6 5 4 5 7 2000
200 18 6 5 4 5 8 2000
200 18 6 5 4 1 5 2000
200 18 6 5 4 2 6 2000
200 18 6 5 4 3 7 2000
200 18 6 5 4 4 8 2000
200 18 5 4 3 1 2 2000
200 18 5 4 3 1 3 2000
200 18 5 4 3 1 4 2000
200 18 5 4 3 5 6 2000
200 18 5 4 3 5 7 2000
200 18 5 4 3 5 8 2000
200 18 5 4 3 1 5 2000
200 18 5 4 3 2 6 2000
200 18 5 4 3 3 7 2000
200 18 5 4 3 4 8 2000
200 18 4 3 2 1 2 2000
200 18 4 3 2 1 3 2000
200 18 4 3 2 1 4 2000
200 18 4 3 2 5 6 2000
200 18 4 3 2 5 7 2000
200 18 4 3 2 5 8 2000
200 18 4 3 2 1 5 2000
200 18 4 3 2 2 6 2000
200 18 4 3 2 3 7 2000
200 18 4 3 2 4 8 2000
200 18 3 2 1 1 2 2000
200 18 3 2 1 1 3 2000
200 18 3 2 1 1 4 2000
200 18 3 2 1 5 6 2000
200 18 3 2 1 5 7 2000
200 18 3 2 1 5 8 2000
200 18 3 2 1 1 5 2000
200 18 3 2 1 2 6 2000
200 18 3 2 1 3 7 2000
200 18 3 2 1 4 8 2000
200 19 6 5 4 1 2 2000
200 19 6 5 4 1 3 2000
200 19 6 5 4 1 4 2000
200 19 6 5 4 5 6 2000
200 19 6 5 4 5 7 2000
200 19 6 5 4 5 8 2000
200 19 6 5 4 1 5 2000
200 19 6 5 4 2 6 2000
200 19 6 5 4 3 7 2000
200 19 6 5 4 4 8 2000
200 19 5 4 3 1 2 2000
200 19 5 4 3 1 3 2000
200 19 5 4 3 1 4 2000
200 19 5 4 3 5 6 2000
200 19 5 4 3 5 7 2000
200 19 5 4 3 5 8 2000
200 19 5 4 3 1 5 2000
200 19 5 4 3 2 6 2000
200 19 5 4 3 3 7 2000
200 19 5 4 3 4 8 2000
200 19 4 3 2 1 2 2000
200 19 4 3 2 1 3 2000
200 19 4 3 2 1 4 2000
200 19 4 3 2 5 6 2000
200 19 4 3 2 5 7 2000
200 19 4 3 2 5 8 2000
200 19 4 3 2 1 5 2000
200 19 4 3 2 2 6 2000
200 19 4 3 2 3 7 2000
200 19 4 3 2 4 8 2000
200 19 3 2 1 1 2 2000
200 19 3 2 1 1 3 2000
200 19 3 2 1 1 4 2000
200 19 3 2 1 5 6 2000
200 19 3 2 1 5 7 2000
200 19 3 2 1 5 8 2000
200 19 3 2 1 1 5 2000
200 19 3 2 1 2 6 2000
200 19 3 2 1 3 7 2000
200 19 3 2 1 4 8 2000
200 20 6 5 4 1 2 2000
200 20 6 5 4 1 3 2000
200 20 6 5 4 1 4 2000
200 20 6 5 4 5 6 2000
200 20 6 5 4 5 7 2000
200 20 6 5 4 5 8 2000
200 20 6 5 4 1 5 2000
200 20 6 5 4 2 6 2000
200 20 6 5 4 3 7 2000
200 20 6 5 4 4 8 2000
200 20 5 4 3 1 2 2000
200 20 5 4 3 1 3 2000
200 20 5 4 3 1 4 2000
200 20 5 4 3 5 6 2000
200 20 5 4 3 5 7 2000
200 20 5 4 3 5 8 2000
200 20 5 4 3 1 5 2000
200 20 5 4 3 2 6 2000
200 20 5 4 3 3 7 2000
200 20 5 4 3 4 8 2000
200 20 4 3 2 1 2 2000
200 20 4 3 2 1 3 2000
200 20 4 3 2 1 4 2000
200 20 4 3 2 5 6 2000
200 20 4 3 2 5 7 2000
200 20 4 3 2 5 8 2000
200 20 4 3 2 1 5 2000
200 20 4 3 2 2 6 2000
200 20 4 3 2 3 7 2000
200 20 4 3 2 4 8 2000
200 20 3 2 1 1 2 2000
200 20 3 2 1 1 3 2000
200 20 3 2 1 1 4 2000
200 20 3 2 1 5 6 2000
200 20 3 2 1 5 7 2000
200 20 3 2 1 5 8 2000
200 20 3 2 1 1 5 2000
200 20 3 2 1 2 6 2000
200 20 3 2 1 3 7 2000
200 20 3 2 1 4 8 2000