20 4 6 5 4 5 8 2000
20 5 6 5 4 5 8 2000
20 6 6 5 4 5 8 2000
20 7 6 5 4 5 8 2000
20 8 6 5 4 5 8 2000
20 9 6 5 4 5 8 2000
20 10 6 5 4 5 8 2000
20 11 6 5 4 5 8 2000
20 12 6 5 4 5 8 2000
20 13 6 5 4 5 8 2000
20 14 6 5 4 5 8 2000
20 15 6 5 4 5 8 2000
20 16 6 5 4 5 8 2000
20 17 6 5 4 5 8 2000
20 18 6 5 4 5 8 2000
20 19 6 5 4 5 8 2000
20 20 6 5 4 5 8 2000
50 4 6 5 4 5 8 2000
50 5 6 5 4 5 8 2000
50 6 6 5 4 5 8 2000
50 7 6 5 4 5 8 2000
50 8 6 5 4 5 8 2000
50 9 6 5 4 5 8 2000
50 10 6 5 4 5 8 2000
50 11 6 5 4 5 8 2000
50 12 6 5 4 5 8 2000
50 13 6 5 4 5 8 2000
50 14 6 5 4 5 8 2000
50 15 6 5 4 5 8 2000
50 16 6 5 4 5 8 2000
50 17 6 5 4 5 8 2000
50 18 6 5 4 5 8 2000
50 19 6 5 4 5 8 2000
50 20 6 5 4 5 8 2000
100 4 6 5 4 5 8 2000
100 5 6 5 4 5 8 2000
100 6 6 5 4 5 8 2000
100 7 6 5 4 5 8 2000
100 8 6 5 4 5 8 2000
100 9 6 5 4 5 8 2000
100 10 6 5 4 5 8 2000
100 11 6 5 4 5 8 2000
100 12 6 5 4 5 8 2000
100 13 6 5 4 5 8 2000
100 14 6 5 4 5 8 2000
100 15 6 5 4 5 8 2000
100 16 6 5 4 5 8 2000
100 17 6 5 4 5 8 2000
100 18 6 5 4 5 8 2000
100 19 6 5 4 5 8 2000
100 20 6 5 4 5 8 2000
200 4 6 5 4 5 8 2000
200 5 6 5 4 5 8 2000
200 6 6 5 4 5 8 2000
200 7 6 5 4 5 8 2000
200 8 6 5 4 5 8 2000
200 9 6 5 4 5 8 2000
200 10 6 5 4 5 8 2000
200 11 6 5 4 5 8 2000
200 12 6 5 4 5 8 2000
200 13 6 5 4 5 8 2000
200 14 6 5 4 5 8 2000
200 15 6 5 4 5 8 2000
200 16 6 5 4 5 8 2000
200 17 6 5 4 5 8 2000
200 18 6 5 4 5 8 2000
200 19 6 5 4 5 8 2000
200 20 6 5 4 5 8 2000