20 4 3 2 1 2 6 2000
20 5 3 2 1 2 6 2000
20 6 3 2 1 2 6 2000
20 7 3 2 1 2 6 2000
20 8 3 2 1 2 6 2000
20 9 3 2 1 2 6 2000
20 10 3 2 1 2 6 2000
20 11 3 2 1 2 6 2000
20 12 3 2 1 2 6 2000
20 13 3 2 1 2 6 2000
20 14 3 2 1 2 6 2000
20 15 3 2 1 2 6 2000
20 16 3 2 1 2 6 2000
20 17 3 2 1 2 6 2000
20 18 3 2 1 2 6 2000
20 19 3 2 1 2 6 2000
20 20 3 2 1 2 6 2000
50 4 3 2 1 2 6 2000
50 5 3 2 1 2 6 2000
50 6 3 2 1 2 6 2000
50 7 3 2 1 2 6 2000
50 8 3 2 1 2 6 2000
50 9 3 2 1 2 6 2000
50 10 3 2 1 2 6 2000
50 11 3 2 1 2 6 2000
50 12 3 2 1 2 6 2000
50 13 3 2 1 2 6 2000
50 14 3 2 1 2 6 2000
50 15 3 2 1 2 6 2000
50 16 3 2 1 2 6 2000
50 17 3 2 1 2 6 2000
50 18 3 2 1 2 6 2000
50 19 3 2 1 2 6 2000
50 20 3 2 1 2 6 2000
100 4 3 2 1 2 6 2000
100 5 3 2 1 2 6 2000
100 6 3 2 1 2 6 2000
100 7 3 2 1 2 6 2000
100 8 3 2 1 2 6 2000
100 9 3 2 1 2 6 2000
100 10 3 2 1 2 6 2000
100 11 3 2 1 2 6 2000
100 12 3 2 1 2 6 2000
100 13 3 2 1 2 6 2000
100 14 3 2 1 2 6 2000
100 15 3 2 1 2 6 2000
100 16 3 2 1 2 6 2000
100 17 3 2 1 2 6 2000
100 18 3 2 1 2 6 2000
100 19 3 2 1 2 6 2000
100 20 3 2 1 2 6 2000
200 4 3 2 1 2 6 2000
200 5 3 2 1 2 6 2000
200 6 3 2 1 2 6 2000
200 7 3 2 1 2 6 2000
200 8 3 2 1 2 6 2000
200 9 3 2 1 2 6 2000
200 10 3 2 1 2 6 2000
200 11 3 2 1 2 6 2000
200 12 3 2 1 2 6 2000
200 13 3 2 1 2 6 2000
200 14 3 2 1 2 6 2000
200 15 3 2 1 2 6 2000
200 16 3 2 1 2 6 2000
200 17 3 2 1 2 6 2000
200 18 3 2 1 2 6 2000
200 19 3 2 1 2 6 2000
200 20 3 2 1 2 6 2000