20 4 5 4 3 2 6 2000
20 5 5 4 3 2 6 2000
20 6 5 4 3 2 6 2000
20 7 5 4 3 2 6 2000
20 8 5 4 3 2 6 2000
20 9 5 4 3 2 6 2000
20 10 5 4 3 2 6 2000
20 11 5 4 3 2 6 2000
20 12 5 4 3 2 6 2000
20 13 5 4 3 2 6 2000
20 14 5 4 3 2 6 2000
20 15 5 4 3 2 6 2000
20 16 5 4 3 2 6 2000
20 17 5 4 3 2 6 2000
20 18 5 4 3 2 6 2000
20 19 5 4 3 2 6 2000
20 20 5 4 3 2 6 2000
50 4 5 4 3 2 6 2000
50 5 5 4 3 2 6 2000
50 6 5 4 3 2 6 2000
50 7 5 4 3 2 6 2000
50 8 5 4 3 2 6 2000
50 9 5 4 3 2 6 2000
50 10 5 4 3 2 6 2000
50 11 5 4 3 2 6 2000
50 12 5 4 3 2 6 2000
50 13 5 4 3 2 6 2000
50 14 5 4 3 2 6 2000
50 15 5 4 3 2 6 2000
50 16 5 4 3 2 6 2000
50 17 5 4 3 2 6 2000
50 18 5 4 3 2 6 2000
50 19 5 4 3 2 6 2000
50 20 5 4 3 2 6 2000
100 4 5 4 3 2 6 2000
100 5 5 4 3 2 6 2000
100 6 5 4 3 2 6 2000
100 7 5 4 3 2 6 2000
100 8 5 4 3 2 6 2000
100 9 5 4 3 2 6 2000
100 10 5 4 3 2 6 2000
100 11 5 4 3 2 6 2000
100 12 5 4 3 2 6 2000
100 13 5 4 3 2 6 2000
100 14 5 4 3 2 6 2000
100 15 5 4 3 2 6 2000
100 16 5 4 3 2 6 2000
100 17 5 4 3 2 6 2000
100 18 5 4 3 2 6 2000
100 19 5 4 3 2 6 2000
100 20 5 4 3 2 6 2000
200 4 5 4 3 2 6 2000
200 5 5 4 3 2 6 2000
200 6 5 4 3 2 6 2000
200 7 5 4 3 2 6 2000
200 8 5 4 3 2 6 2000
200 9 5 4 3 2 6 2000
200 10 5 4 3 2 6 2000
200 11 5 4 3 2 6 2000
200 12 5 4 3 2 6 2000
200 13 5 4 3 2 6 2000
200 14 5 4 3 2 6 2000
200 15 5 4 3 2 6 2000
200 16 5 4 3 2 6 2000
200 17 5 4 3 2 6 2000
200 18 5 4 3 2 6 2000
200 19 5 4 3 2 6 2000
200 20 5 4 3 2 6 2000